Sample	Total Reads	Off-target Reads	Primer Only Reads	Primer Probe Reads	Off-target Proportion	Primer Only Proportion	Primer Probe Proportion
coarBEAs-1951-21	54004	4552	10658	38794	0.08	0.20	0.72
coarBEAs-1952-21	71211	6055	17431	47725	0.09	0.24	0.67
coarBEAs-1953-21	85237	8495	24356	52386	0.10	0.29	0.61
coarBEAs-1954-21	53124	4641	11870	36613	0.09	0.22	0.69
coarBEAs-1955-21	42773	4030	9774	28969	0.09	0.23	0.68
coarBEAs-1956-21	44271	3907	9456	30908	0.09	0.21	0.70
coarBEAs-1957-21	22561	3005	6382	13174	0.13	0.28	0.58
coarBEAs-1958-21	25758	3094	7276	15388	0.12	0.28	0.60
coarBEAs-1959-21	53747	4303	11615	37829	0.08	0.22	0.70
coarBEAs-1960-21	26200	3330	7254	15616	0.13	0.28	0.60
coarBEAs-1961-21	33026	3957	9221	19848	0.12	0.28	0.60
coarBEAs-1962-21	21004	2834	6236	11934	0.13	0.30	0.57
coarBEAs-1963-21	42513	4425	10701	27387	0.10	0.25	0.64
coarBEAs-1964-21	121685	10608	35437	75640	0.09	0.29	0.62
coarBEAs-1965-21	109320	10726	34986	63608	0.10	0.32	0.58
coarBEAs-1966-21	39171	4236	10317	24618	0.11	0.26	0.63
coarBEAs-1967-21	27959	2224	5241	20494	0.08	0.19	0.73
coarBEAs-1968-21	39340	3920	9074	26346	0.10	0.23	0.67
coarBEAs-1969-21	40997	3949	9562	27486	0.10	0.23	0.67
coarBEAs-1970-21	30066	2618	6014	21434	0.09	0.20	0.71
coarBEAs-1971-21	45524	4360	10539	30625	0.10	0.23	0.67
coarBEAs-1972-21	25556	3659	8584	13313	0.14	0.34	0.52
coarBEAs-1973-21	24564	2622	5584	16358	0.11	0.23	0.67
coarBEAs-1974-21	20281	2942	6262	11077	0.15	0.31	0.55
coarBEAs-1975-21	26351	2843	6198	17310	0.11	0.24	0.66
coarBEAs-2026-21	71542	5657	14216	51669	0.08	0.20	0.72
coarBEAs-2027-21	117350	10787	35909	70654	0.09	0.31	0.60
coarBEAs-2028-21	34503	3985	9564	20954	0.12	0.28	0.61
coarBEAs-2029-21	36918	3675	8798	24445	0.10	0.24	0.66
coarBEAs-2030-21	39041	3514	8395	27132	0.09	0.22	0.69
coarBEAs-2031-21	39956	3994	9586	26376	0.10	0.24	0.66
coarBEAs-2032-21	44083	4655	11228	28200	0.11	0.25	0.64
coarBEAs-2033-21	35662	4309	10707	20646	0.12	0.30	0.58
coarBEAs-2034-21	42287	3811	9261	29215	0.09	0.22	0.69
coarBEAs-2035-21	43698	4689	11286	27723	0.11	0.26	0.63
coarBEAs-2036-21	37618	2747	6065	28806	0.07	0.16	0.77
coarBEAs-2037-21	53053	5204	12717	35132	0.10	0.24	0.66
coarBEAs-2038-21	88854	7838	22002	59014	0.09	0.25	0.66
coarBEAs-2039-21	183718	16657	61555	105506	0.09	0.34	0.57
coarBEAs-2040-21	34007	2443	5104	26460	0.07	0.15	0.78
coarBEAs-2041-21	55235	4983	13135	37117	0.09	0.24	0.67
coarBEAs-2042-21	50970	4575	11677	34718	0.09	0.23	0.68
coarBEAs-2043-21	45133	4109	10118	30906	0.09	0.22	0.68
coarBEAs-2044-21	33042	3927	9154	19961	0.12	0.28	0.60
coarBEAs-2045-21	47785	4265	10231	33289	0.09	0.21	0.70
coarBEAs-2046-21	39966	3520	6369	30077	0.09	0.16	0.75
coarBEAs-2047-21	45576	3452	7756	34368	0.08	0.17	0.75
coarBEAs-2048-21	55506	4370	10636	40500	0.08	0.19	0.73
coarBEAs-2049-21	45742	5770	14599	25373	0.13	0.32	0.55
coarBEAs-2050-21	164957	12738	45640	106579	0.08	0.28	0.65
coarCHIm-2426-21	18590	1965	5131	11494	0.11	0.28	0.62
coarCHIm-2427-21	29980	2712	8504	18764	0.09	0.28	0.63
coarCHIm-2428-21	31954	2848	9476	19630	0.09	0.30	0.61
coarCHIm-2429-21	28029	2973	8483	16573	0.11	0.30	0.59
coarCHIm-2430-21	27922	2965	8597	16360	0.11	0.31	0.59
coarCHIm-2431-21	27060	3118	8965	14977	0.12	0.33	0.55
coarCHIm-2432-21	20807	2277	6504	12026	0.11	0.31	0.58
coarCHIm-2433-21	21037	2488	6943	11606	0.12	0.33	0.55
coarCHIm-2434-21	22225	2574	6867	12784	0.12	0.31	0.58
coarCHIm-2435-21	22152	2568	6570	13014	0.12	0.30	0.59
coarCHIm-2436-21	23288	2425	6822	14041	0.10	0.29	0.60
coarCHIm-2437-21	17549	2075	5120	10354	0.12	0.29	0.59
coarCHIm-2438-21	17950	2013	5105	10832	0.11	0.28	0.60
coarCHIm-2439-21	29219	2736	9053	17430	0.09	0.31	0.60
coarCHIm-2440-21	55416	4811	18929	31676	0.09	0.34	0.57
coarCHIm-2441-21	31820	2496	7654	21670	0.08	0.24	0.68
coarCHIm-2442-21	28590	3028	9083	16479	0.11	0.32	0.58
coarCHIm-2443-21	29266	3251	9350	16665	0.11	0.32	0.57
coarCHIm-2444-21	23869	2346	7122	14401	0.10	0.30	0.60
coarCHIm-2445-21	21309	2194	6018	13097	0.10	0.28	0.61
coarCHIm-2446-21	24991	2365	6635	15991	0.09	0.27	0.64
coarCHIm-2447-21	27711	2422	7160	18129	0.09	0.26	0.65
coarCHIm-2448-21	22676	2099	6435	14142	0.09	0.28	0.62
coarCHIm-2449-21	22435	2259	5829	14347	0.10	0.26	0.64
coarCHIm-2450-21	73853	6005	22430	45418	0.08	0.30	0.61
coarCHIm-2551-21	59784	4227	14065	41492	0.07	0.24	0.69
coarCHIm-2552-21	87129	12912	48000	26217	0.15	0.55	0.30
coarCHIm-2553-21	99944	6221	28203	65520	0.06	0.28	0.66
coarCHIm-2554-21	67663	3536	13800	50327	0.05	0.20	0.74
coarCHIm-2555-21	61378	3460	12933	44985	0.06	0.21	0.73
coarCHIm-2556-21	68849	3575	17177	48097	0.05	0.25	0.70
coarCHIm-2557-21	63568	4443	16891	42234	0.07	0.27	0.66
coarCHIm-2558-21	71280	5455	20544	45281	0.08	0.29	0.64
coarCHIm-2559-21	100986	5031	22179	73776	0.05	0.22	0.73
coarCHIm-2560-21	70566	5177	19667	45722	0.07	0.28	0.65
coarCHIm-2561-21	113582	5779	25873	81930	0.05	0.23	0.72
coarCHIm-2562-21	94667	6047	24984	63636	0.06	0.26	0.67
coarCHIm-2563-21	167892	14810	60005	93077	0.09	0.36	0.55
coarCHIm-2801-21	56182	4529	18199	33454	0.08	0.32	0.60
coarCHIm-2802-21	21144	2191	6239	12714	0.10	0.30	0.60
coarCHIm-2803-21	24107	2123	6126	15858	0.09	0.25	0.66
coarCHIm-2804-21	23555	2212	6138	15205	0.09	0.26	0.65
coarCHIm-2805-21	21079	2220	5796	13063	0.11	0.27	0.62
coarCHIm-2806-21	20307	2031	5605	12671	0.10	0.28	0.62
coarCHIm-2807-21	17519	1722	4481	11316	0.10	0.26	0.65
coarCHIm-2808-21	20555	1948	5654	12953	0.09	0.28	0.63
coarCHIm-2809-21	15713	1560	3847	10306	0.10	0.24	0.66
coarCHIm-2810-21	24595	2387	6896	15312	0.10	0.28	0.62
coarCHIm-2811-21	22721	2016	5995	14710	0.09	0.26	0.65
coarCHIm-2812-21	41959	3629	12283	26047	0.09	0.29	0.62
coarCHIm-2813-21	34538	3025	10529	20984	0.09	0.30	0.61
coarCHIm-2814-21	13475	1469	3574	8432	0.11	0.27	0.63
coarCHIm-2815-21	19191	2188	5679	11324	0.11	0.30	0.59
coarCHIm-2816-21	23156	2805	6737	13614	0.12	0.29	0.59
coarCHIm-2817-21	20009	2165	5642	12202	0.11	0.28	0.61
coarCHIm-2818-21	16092	1940	4862	9290	0.12	0.30	0.58
coarCHIm-2819-21	18534	2160	5556	10818	0.12	0.30	0.58
coarCHIm-2820-21	18368	1937	4987	11444	0.11	0.27	0.62
coarCHIm-2821-21	13742	1487	3849	8406	0.11	0.28	0.61
coarCHIm-2822-21	18513	1987	5189	11337	0.11	0.28	0.61
coarCHIm-2823-21	16241	1802	4420	10019	0.11	0.27	0.62
coarCHIm-2824-21	20016	2033	6037	11946	0.10	0.30	0.60
coarCHIm-2825-21	38083	3372	12026	22685	0.09	0.32	0.60
coarCHIm-4901-21	10938	1291	3819	5828	0.12	0.35	0.53
coarCHIm-4902-21	10391	1219	3352	5820	0.12	0.32	0.56
coarCHIm-4903-21	10990	1247	3548	6195	0.11	0.32	0.56
coarCHIm-4904-21	10828	1194	3456	6178	0.11	0.32	0.57
coarCHIm-4905-21	10611	1297	3383	5931	0.12	0.32	0.56
coarCHIm-4906-21	10646	1302	3563	5781	0.12	0.33	0.54
coarCHIm-4907-21	10933	1309	3770	5854	0.12	0.34	0.54
coarCHIm-4908-21	9157	1230	3215	4712	0.13	0.35	0.51
coarCHIm-4909-21	15273	1854	5359	8060	0.12	0.35	0.53
coarCHIm-4910-21	25779	8731	17045	3	0.34	0.66	0.00
coarCHIm-4911-21	19506	6476	13030	0	0.33	0.67	0.00
coarCHIm-4912-21	21262	6968	14292	2	0.33	0.67	0.00
coarCHIm-4913-21	21892	7180	14712	0	0.33	0.67	0.00
coarCHIm-4914-21	19389	6280	13108	1	0.32	0.68	0.00
coarCHIm-4915-21	15073	4991	10082	0	0.33	0.67	0.00
coarCHIm-4916-21	19251	6415	12832	4	0.33	0.67	0.00
coarCHIm-4917-21	184048	23735	92961	67352	0.13	0.51	0.37
coarCHIm-4918-21	87379	8296	33040	46043	0.09	0.38	0.53
coarCHIm-4919-21	56064	5165	18652	32247	0.09	0.33	0.58
coarCHIm-4920-21	55094	5574	20094	29426	0.10	0.36	0.53
coarCHIm-4921-21	60264	6187	20826	33251	0.10	0.35	0.55
coarCHIm-4922-21	64001	6111	22881	35009	0.10	0.36	0.55
coarCHIm-4923-21	45198	4046	14355	26797	0.09	0.32	0.59
coarCHIm-4924-21	55499	6340	19781	29378	0.11	0.36	0.53
coarCHIm-4925-21	57375	6047	20500	30828	0.11	0.36	0.54
coarCHIm-4976-21	52934	4958	17997	29979	0.09	0.34	0.57
coarCHIm-4977-21	78011	6037	25273	46701	0.08	0.32	0.60
coarCHIm-4978-21	115753	12387	54324	49042	0.11	0.47	0.42
coarCHIm-4979-21	37051	3008	9857	24186	0.08	0.27	0.65
coarCHIm-4980-21	28280	2742	8139	17399	0.10	0.29	0.62
coarCHIm-4981-21	25839	3070	8093	14676	0.12	0.31	0.57
coarCHIm-4982-21	25281	2653	7371	15257	0.10	0.29	0.60
coarCHIm-4983-21	30042	3038	8725	18279	0.10	0.29	0.61
coarCHIm-4984-21	21925	2058	6049	13818	0.09	0.28	0.63
coarCHIm-4985-21	20084	2340	5942	11802	0.12	0.30	0.59
coarCHIm-4986-21	21887	2411	6252	13224	0.11	0.29	0.60
coarCHIm-4987-21	28507	3463	9425	15619	0.12	0.33	0.55
coarCHIm-4988-21	20317	2144	6290	11883	0.11	0.31	0.58
coarCHIm-4989-21	23620	2779	7295	13546	0.12	0.31	0.57
coarCHIm-4990-21	44067	4412	14104	25551	0.10	0.32	0.58
coarCHIm-4991-21	21639	1879	5347	14413	0.09	0.25	0.67
coarCHIm-4992-21	23321	2578	7031	13712	0.11	0.30	0.59
coarCHIm-4993-21	24510	2470	7228	14812	0.10	0.29	0.60
coarCHIm-4994-21	23977	2592	7204	14181	0.11	0.30	0.59
coarCHIm-4995-21	23428	2531	6862	14035	0.11	0.29	0.60
coarCHIm-4996-21	20968	2556	6884	11528	0.12	0.33	0.55
coarCHIm-4997-21	19021	2028	5332	11661	0.11	0.28	0.61
coarCHIm-4998-21	23675	2001	6053	15621	0.08	0.26	0.66
coarCHIm-4999-21	21891	2612	6784	12495	0.12	0.31	0.57
coarCHIm-5000-21	15239	1820	4477	8942	0.12	0.29	0.59
coarCHIm-5026-21	25506	2950	8786	13770	0.12	0.34	0.54
coarCHIm-5027-21	27082	2915	8582	15585	0.11	0.32	0.58
coarCHIm-5028-21	32905	3059	10266	19580	0.09	0.31	0.60
coarCHIm-5029-21	23764	2783	7364	13617	0.12	0.31	0.57
coarCHIm-5030-21	24658	2760	7563	14335	0.11	0.31	0.58
coarCHIm-5031-21	20077	2453	6731	10893	0.12	0.34	0.54
coarCHIm-5032-21	38281	2811	9918	25552	0.07	0.26	0.67
coarCHIm-5033-21	21553	2459	6532	12562	0.11	0.30	0.58
coarCHIm-5034-21	18552	1968	5454	11130	0.11	0.29	0.60
coarCHIm-5035-21	22256	2990	7428	11838	0.13	0.33	0.53
coarCHIm-5036-21	18262	2060	5432	10770	0.11	0.30	0.59
coarCHIm-5037-21	20063	2358	6344	11361	0.12	0.32	0.57
coarCHIm-5038-21	23033	2371	6409	14253	0.10	0.28	0.62
coarCHIm-5039-21	26237	2949	8023	15265	0.11	0.31	0.58
coarCHIm-5040-21	34298	3841	12213	18244	0.11	0.36	0.53
coarCHIm-5041-21	21961	2392	6639	12930	0.11	0.30	0.59
coarCHIm-5042-21	22012	2685	7192	12135	0.12	0.33	0.55
coarCHIm-5043-21	30849	3267	8916	18666	0.11	0.29	0.61
coarCHIm-5044-21	34916	3142	9643	22131	0.09	0.28	0.63
coarCHIm-5045-21	23345	2639	6973	13733	0.11	0.30	0.59
coarCHIm-5046-21	20496	2335	6184	11977	0.11	0.30	0.58
coarCHIm-5047-21	19762	2578	6634	10550	0.13	0.34	0.53
coarCHIm-5048-21	20565	2364	6374	11827	0.11	0.31	0.58
coarCHIm-5049-21	24424	2840	8017	13567	0.12	0.33	0.56
coarCHIm-5050-21	23777	2424	6209	15144	0.10	0.26	0.64
coarCHIm-5076-21	23984	2675	7613	13696	0.11	0.32	0.57
coarCHIm-5077-21	32698	3048	9781	19869	0.09	0.30	0.61
coarCHIm-5078-21	23866	2882	7576	13408	0.12	0.32	0.56
coarCHIm-5079-21	28256	3235	9027	15994	0.11	0.32	0.57
coarCHIm-5080-21	23460	2761	7437	13262	0.12	0.32	0.57
coarCHIm-5081-21	26723	2708	8027	15988	0.10	0.30	0.60
coarCHIm-5082-21	20255	2459	6430	11366	0.12	0.32	0.56
coarCHIm-5083-21	20508	2341	6193	11974	0.11	0.30	0.58
coarCHIm-5084-21	25770	3124	8421	14225	0.12	0.33	0.55
coarCHIm-5085-21	27099	3043	8337	15719	0.11	0.31	0.58
coarCHIm-5086-21	19299	2128	5739	11432	0.11	0.30	0.59
coarCHIm-5087-21	24883	2618	6879	15386	0.11	0.28	0.62
coarCHIm-5088-21	35718	3489	10408	21821	0.10	0.29	0.61
coarCHIm-5089-21	36734	3641	11838	21255	0.10	0.32	0.58
coarCHIm-5090-21	26669	2693	7832	16144	0.10	0.29	0.61
coarCHIm-5091-21	24179	2945	7866	13368	0.12	0.33	0.55
coarCHIm-5092-21	26556	3443	9183	13930	0.13	0.35	0.52
coarCHIm-5093-21	26978	2444	7420	17114	0.09	0.28	0.63
coarCHIm-5094-21	23720	2640	7641	13439	0.11	0.32	0.57
coarCHIm-5095-21	16500	1998	5364	9138	0.12	0.33	0.55
coarCHIm-5096-21	23215	2763	7295	13157	0.12	0.31	0.57
coarCHIm-5097-21	19317	2516	6115	10686	0.13	0.32	0.55
coarCHIm-5098-21	16973	2154	5041	9778	0.13	0.30	0.58
coarCHIm-5099-21	18361	2332	5557	10472	0.13	0.30	0.57
coarCHIm-9491-23	9953	1392	3602	4959	0.14	0.36	0.50
coarCHIm-9492-23	14547	1777	4867	7903	0.12	0.33	0.54
coarCHIm-9493-23	12798	1697	4470	6631	0.13	0.35	0.52
coarCHIm-9494-23	163	58	98	7	0.36	0.60	0.04
coarCHIm-9495-23	13434	1732	4590	7112	0.13	0.34	0.53
coarCHIm-9496-23	10583	1172	3161	6250	0.11	0.30	0.59
coarCHIm-9497-23	13134	1685	4219	7230	0.13	0.32	0.55
coarCHIm-9498-23	12869	1695	4198	6976	0.13	0.33	0.54
coarCHIm-9499-23	19049	2519	7054	9476	0.13	0.37	0.50
coarCHIm-9500-23	26258	3387	11583	11288	0.13	0.44	0.43
coarCHIm-9501-23	16649	1835	5079	9735	0.11	0.31	0.58
coarCHIm-9502-23	14559	1973	5242	7344	0.14	0.36	0.50
coarCHIm-9503-23	14277	1548	4121	8608	0.11	0.29	0.60
coarCHIm-9504-23	13093	1564	4169	7360	0.12	0.32	0.56
coarCHIm-9505-23	10499	1421	3681	5397	0.14	0.35	0.51
coarCHIm-9506-23	15140	1993	5384	7763	0.13	0.36	0.51
coarCHIm-9507-23	11248	1472	3569	6207	0.13	0.32	0.55
coarCHIm-9508-23	11323	1616	4007	5700	0.14	0.35	0.50
coarCHIm-9509-23	12263	1550	3942	6771	0.13	0.32	0.55
coarCHIm-9510-23	11515	1679	4125	5711	0.15	0.36	0.50
coarCHIm-9511-23	11	5	6	0	0.45	0.55	0.00
coarCHIm-9512-23	33500	3729	13230	16541	0.11	0.39	0.49
coarCHIm-9513-23	18981	2235	6467	10279	0.12	0.34	0.54
coarCHIm-9514-23	18329	2099	6010	10220	0.11	0.33	0.56
coarCHIm-9515-23	15448	1910	5335	8203	0.12	0.35	0.53
coarCHIm-M10-23	13234	1724	4811	6699	0.13	0.36	0.51
coarCHIm-M11-23	66	24	41	1	0.36	0.62	0.02
coarCHIm-M12-23	15468	1966	5214	8288	0.13	0.34	0.54
coarCHIm-M13-23	20837	2412	7128	11297	0.12	0.34	0.54
coarCHIm-M14-23	33088	3537	11607	17944	0.11	0.35	0.54
coarCHIm-M15-23	35846	4643	15249	15954	0.13	0.43	0.45
coarCHIm-M16-23	30495	3699	12248	14548	0.12	0.40	0.48
coarCHIm-M17-23	24269	3377	10502	10390	0.14	0.43	0.43
coarCHIm-M18-23	30786	4084	12407	14295	0.13	0.40	0.46
coarCHIm-M19-23	27136	3470	10670	12996	0.13	0.39	0.48
coarCHIm-M20-23	25684	3239	10187	12258	0.13	0.40	0.48
coarCHIm-M21-23	32867	4192	13084	15591	0.13	0.40	0.47
coarCHIm-M22-23	112	48	61	3	0.43	0.54	0.03
coarCHIm-M23-23	30023	3878	11939	14206	0.13	0.40	0.47
coarCHIm-M24-23	41399	5184	16463	19752	0.13	0.40	0.48
coarCHIm-M25-23	73084	10338	35992	26754	0.14	0.49	0.37
coarCHIm-M26-23	20520	2667	8084	9769	0.13	0.39	0.48
coarCHIm-M27-23	14574	1948	5214	7412	0.13	0.36	0.51
coarCHIm-M28-23	14720	2065	5457	7198	0.14	0.37	0.49
coarCHIm-M29-23	17807	2028	5994	9785	0.11	0.34	0.55
coarCHIm-M30-23	14428	1894	5228	7306	0.13	0.36	0.51
coarCHIm-M31-23	10501	1455	3689	5357	0.14	0.35	0.51
coarCHIm-M32-23	12128	1767	4188	6173	0.15	0.35	0.51
coarCHIm-M33-23	9052	1362	3415	4275	0.15	0.38	0.47
coarCHIm-M34-23	14708	1863	5122	7723	0.13	0.35	0.53
coarCHIm-M35-23	12758	1941	4872	5945	0.15	0.38	0.47
coarCHIm-M36-23	13719	1860	4784	7075	0.14	0.35	0.52
coarCHIm-M37-23	26871	3146	9691	14034	0.12	0.36	0.52
coarCHIm-M38-23	18096	2529	7074	8493	0.14	0.39	0.47
coarCHIm-M39-23	13941	1908	5330	6703	0.14	0.38	0.48
coarCHIm-M40-23	15166	2022	5244	7900	0.13	0.35	0.52
coarCHIm-M41-23	18257	2201	6242	9814	0.12	0.34	0.54
coarCHIm-M42-23	14623	1966	5046	7611	0.13	0.35	0.52
coarCHIm-M43-23	11703	1850	4564	5289	0.16	0.39	0.45
coarCHIm-M44-23	11702	1633	4140	5929	0.14	0.35	0.51
coarCHIm-M45-23	13089	1611	4505	6973	0.12	0.34	0.53
coarCHIm-M46-23	15481	1919	5229	8333	0.12	0.34	0.54
coarCHIm-M47-23	11397	1659	4168	5570	0.15	0.37	0.49
coarCHIm-M48-23	11240	1648	4100	5492	0.15	0.36	0.49
coarCHIm-M49-23	22576	2953	8742	10881	0.13	0.39	0.48
coarCHIm-M50-23	17765	2657	7194	7914	0.15	0.40	0.45
coarCHIm-M51-23	12567	1797	4556	6214	0.14	0.36	0.49
coarCHIm-M52-23	12846	1818	4587	6441	0.14	0.36	0.50
coarCHIm-M53-23	14833	1897	5049	7887	0.13	0.34	0.53
coarCHIm-M54-23	12791	1761	4699	6331	0.14	0.37	0.49
coarCHIm-M55-23	11926	1775	4319	5832	0.15	0.36	0.49
coarCHIm-M56-23	12361	1692	4374	6295	0.14	0.35	0.51
coarCHIm-M57-23	15199	2178	5838	7183	0.14	0.38	0.47
coarCHIm-M58-23	7638	1158	2959	3521	0.15	0.39	0.46
coarCHIm-M59-23	12828	1907	4625	6296	0.15	0.36	0.49
coarCHIm-M60-23	11571	1568	3992	6011	0.14	0.35	0.52
coarCHIm-M61-23	22822	2900	8350	11572	0.13	0.37	0.51
coarCHIm-M62-23	19095	2664	7851	8580	0.14	0.41	0.45
coarCHIm-M6-23	14489	1845	5117	7527	0.13	0.35	0.52
coarCHIm-M63-23	13100	1868	4845	6387	0.14	0.37	0.49
coarCHIm-M64-23	16002	2661	6867	6474	0.17	0.43	0.40
coarCHIm-M65-23	13415	1955	4954	6506	0.15	0.37	0.48
coarCHIm-M66-23	14853	1854	5270	7729	0.12	0.35	0.52
coarCHIm-M67-23	12953	1957	5188	5808	0.15	0.40	0.45
coarCHIm-M68-23	11477	1699	4159	5619	0.15	0.36	0.49
coarCHIm-M69-23	11791	1869	4841	5081	0.16	0.41	0.43
coarCHIm-M70-23	1391	184	621	586	0.13	0.45	0.42
coarCHIm-M71-23	11387	1766	4416	5205	0.16	0.39	0.46
coarCHIm-M72-23	14795	2054	5296	7445	0.14	0.36	0.50
coarCHIm-M7-23	13816	1849	5135	6832	0.13	0.37	0.49
coarCHIm-M8-23	16171	1934	5312	8925	0.12	0.33	0.55
coarCHIm-M9-23	16288	1888	5328	9072	0.12	0.33	0.56
coarEASm-188-21	101118	12961	41749	46408	0.13	0.41	0.46
coarEASm-190-21	62338	6505	18115	37718	0.10	0.29	0.61
coarEASm-191-21	40628	3263	6603	30762	0.08	0.16	0.76
coarEASm-192-21	44798	3446	6211	35141	0.08	0.14	0.78
coarEASm-193-21	51107	4889	12846	33372	0.10	0.25	0.65
coarEASm-194-21	44330	4267	9767	30296	0.10	0.22	0.68
coarEASm-195-21	38674	4262	10337	24075	0.11	0.27	0.62
coarEASm-196-21	49424	4589	10630	34205	0.09	0.22	0.69
coarEASm-197-21	56985	5426	14034	37525	0.10	0.25	0.66
coarEASm-198-21	51510	5256	12393	33861	0.10	0.24	0.66
coarEASm-199-21	54548	4898	11676	37974	0.09	0.21	0.70
coarEASm-200-21	107868	9542	30826	67500	0.09	0.29	0.63
coarEASm-201-21	34834	3501	7996	23337	0.10	0.23	0.67
coarEASm-202-21	21428	2854	5753	12821	0.13	0.27	0.60
coarEASm-203-21	22925	2729	5521	14675	0.12	0.24	0.64
coarEASm-204-21	26931	3298	6531	17102	0.12	0.24	0.64
coarEASm-205-21	28877	3155	6812	18910	0.11	0.24	0.65
coarEASm-206-21	29109	3381	7297	18431	0.12	0.25	0.63
coarEASm-207-21	27253	3195	6743	17315	0.12	0.25	0.64
coarEASm-208-21	25110	3170	6373	15567	0.13	0.25	0.62
coarEASm-209-21	28155	3445	7183	17527	0.12	0.26	0.62
coarEASm-210-21	26833	3517	7101	16215	0.13	0.26	0.60
coarEASm-211-21	22443	3091	5833	13519	0.14	0.26	0.60
coarEASm-212-21	41039	5035	11581	24423	0.12	0.28	0.60
coarEASm-213-21	29378	3570	7835	17973	0.12	0.27	0.61
coarEASm-214-21	23811	2996	6167	14648	0.13	0.26	0.62
coarEASm-215-21	20331	2548	5244	12539	0.13	0.26	0.62
coarEASm-216-21	28401	3459	7227	17715	0.12	0.25	0.62
coarEASm-217-21	23065	2871	5601	14593	0.12	0.24	0.63
coarEASm-218-21	23039	2716	5281	15042	0.12	0.23	0.65
coarEASm-219-21	23262	2817	5855	14590	0.12	0.25	0.63
coarEASm-220-21	21680	2569	5099	14012	0.12	0.24	0.65
coarEASm-221-21	28462	3126	6329	19007	0.11	0.22	0.67
coarEASm-222-21	23706	2477	4814	16415	0.10	0.20	0.69
coarEASm-223-21	21675	2691	5491	13493	0.12	0.25	0.62
coarEASm-224-21	33682	3312	7126	23244	0.10	0.21	0.69
coarEASm-225-21	33633	4078	9005	20550	0.12	0.27	0.61
coarEASm-226-21	23284	3288	6777	13219	0.14	0.29	0.57
coarEASm-227-21	26279	3045	5907	17327	0.12	0.22	0.66
coarEASm-228-21	28936	2939	5874	20123	0.10	0.20	0.70
coarEASm-229-21	22639	3022	6120	13497	0.13	0.27	0.60
coarEASm-230-21	20867	2871	5884	12112	0.14	0.28	0.58
coarEASm-231-21	23570	3035	5851	14684	0.13	0.25	0.62
coarEASm-232-21	24229	3319	6669	14241	0.14	0.28	0.59
coarEASm-233-21	24146	3315	6618	14213	0.14	0.27	0.59
coarEASm-234-21	23141	2723	5212	15206	0.12	0.23	0.66
coarEASm-235-21	29171	2794	5417	20960	0.10	0.19	0.72
coarEASm-236-21	34250	3612	7588	23050	0.11	0.22	0.67
coarEASm-237-21	28081	3092	7189	17800	0.11	0.26	0.63
coarEASm-238-21	20251	2720	5338	12193	0.13	0.26	0.60
coarEASm-239-21	22327	3054	6220	13053	0.14	0.28	0.58
coarEASm-240-21	25684	3182	6621	15881	0.12	0.26	0.62
coarEASm-241-21	21702	2893	5874	12935	0.13	0.27	0.60
coarEASm-242-21	22154	2701	5320	14133	0.12	0.24	0.64
coarEASm-243-21	21980	2925	5699	13356	0.13	0.26	0.61
coarEASm-244-21	21543	2627	5744	13172	0.12	0.27	0.61
coarEASm-245-21	21485	2802	5222	13461	0.13	0.24	0.63
coarEASm-246-21	17532	2252	4534	10746	0.13	0.26	0.61
coarEASm-247-21	22715	2847	5739	14129	0.13	0.25	0.62
coarEASm-248-21	26629	3142	6802	16685	0.12	0.26	0.63
coarEASm-249-21	37362	3900	8945	24517	0.10	0.24	0.66
coarEASm-250-21	25089	3120	6345	15624	0.12	0.25	0.62
coarEASm-251-21	22986	3277	6578	13131	0.14	0.29	0.57
coarEASm-252-21	26877	3469	6850	16558	0.13	0.25	0.62
coarEASm-253-21	23041	3008	6572	13461	0.13	0.29	0.58
coarEASm-254-21	19871	2797	5210	11864	0.14	0.26	0.60
coarEASm-255-21	22913	3110	6139	13664	0.14	0.27	0.60
coarEASm-256-21	21824	2941	5942	12941	0.13	0.27	0.59
coarEASm-257-21	21752	3041	5514	13197	0.14	0.25	0.61
coarEASm-258-21	19648	2629	4991	12028	0.13	0.25	0.61
coarEASm-259-21	20789	2921	5761	12107	0.14	0.28	0.58
coarEASm-276-21	35053	3936	8448	22669	0.11	0.24	0.65
coarEASm-277-21	22413	2291	5235	14887	0.10	0.23	0.66
coarEASm-278-21	24215	3195	6545	14475	0.13	0.27	0.60
coarEASm-279-21	22946	3212	6427	13307	0.14	0.28	0.58
coarEASm-280-21	22884	3229	7314	12341	0.14	0.32	0.54
coarEASm-282-21	18654	2617	5277	10760	0.14	0.28	0.58
coarEASm-283-21	24942	3308	6977	14657	0.13	0.28	0.59
coarEASm-284-21	24332	3337	6554	14441	0.14	0.27	0.59
coarEASm-285-21	23773	2989	5849	14935	0.13	0.25	0.63
coarEASm-286-21	15328	1711	2653	10964	0.11	0.17	0.72
coarEASm-320-21	22313	2893	5688	13732	0.13	0.25	0.62
coarEASm-321-21	24065	3119	6266	14680	0.13	0.26	0.61
coarEASm-4237-22	22930	2563	6667	13700	0.11	0.29	0.60
coarEASm-4241-22	19584	2090	5267	12227	0.11	0.27	0.62
coarEASm-4265-22	31457	2489	7719	21249	0.08	0.25	0.68
coarEASm-4298-22	53015	4919	16466	31630	0.09	0.31	0.60
coarEASm-4299-22	24795	2883	7342	14570	0.12	0.30	0.59
coarEASm-4300-22	30166	3628	9319	17219	0.12	0.31	0.57
coarEASm-4354-22	26487	3188	8226	15073	0.12	0.31	0.57
coarEASm-4355-22	23969	2957	7221	13791	0.12	0.30	0.58
coarEASm-4356-22	22301	2521	6331	13449	0.11	0.28	0.60
coarEASm-4357-22	20504	2650	6436	11418	0.13	0.31	0.56
coarEASm-4380-22	24062	3175	8032	12855	0.13	0.33	0.53
coarEASm-4381-22	19026	2417	5680	10929	0.13	0.30	0.57
coarEASm-4382-22	19207	2224	5597	11386	0.12	0.29	0.59
coarEASm-4415-22	7	3	2	2	0.43	0.29	0.29
coarEASm-4432-22	24228	1924	5900	16404	0.08	0.24	0.68
coarEASm-4433-22	42127	3814	12907	25406	0.09	0.31	0.60
coarEASm-5136-22	23023	2702	7215	13106	0.12	0.31	0.57
coarEASm-5137-22	26759	3049	7802	15908	0.11	0.29	0.59
coarEASm-5138-22	24886	2891	7977	14018	0.12	0.32	0.56
coarEASm-5139-22	24344	2982	7736	13626	0.12	0.32	0.56
coarEASm-5140-22	24970	2649	6631	15690	0.11	0.27	0.63
coarEASm-5141-22	22967	3039	7460	12468	0.13	0.32	0.54
coarEASm-527-21	194397	36453	122781	35163	0.19	0.63	0.18
coarEASm-528-21	34509	4351	10557	19601	0.13	0.31	0.57
coarEASm-529-21	54132	4495	10173	39464	0.08	0.19	0.73
coarEASm-530-21	22728	2956	6428	13344	0.13	0.28	0.59
coarEASm-531-21	2403	1075	1325	3	0.45	0.55	0.00
coarEASm-532-21	21097	3361	6614	11122	0.16	0.31	0.53
coarEASm-533-21	25980	3449	6855	15676	0.13	0.26	0.60
coarEASm-534-21	23791	3237	6708	13846	0.14	0.28	0.58
coarEASm-535-21	26465	3516	7058	15891	0.13	0.27	0.60
coarEASm-536-21	22241	3067	6010	13164	0.14	0.27	0.59
coarEASm-537-21	22402	3022	6020	13360	0.13	0.27	0.60
coarEASm-538-21	24421	2942	5792	15687	0.12	0.24	0.64
coarEASm-539-21	26487	3278	6514	16695	0.12	0.25	0.63
coarEASm-540-21	51376	5546	13895	31935	0.11	0.27	0.62
coarEASm-541-21	75870	7091	14039	54740	0.09	0.19	0.72
coarEASm-542-21	72764	9830	28230	34704	0.14	0.39	0.48
coarEASm-543-21	64152	8950	25440	29762	0.14	0.40	0.46
coarEASm-544-21	46869	8322	19958	18589	0.18	0.43	0.40
coarEASm-545-21	57976	7316	19804	30856	0.13	0.34	0.53
coarEASm-546-21	62175	7172	20771	34232	0.12	0.33	0.55
coarEASm-547-21	67069	5635	15784	45650	0.08	0.24	0.68
coarEASm-548-21	76492	7365	22608	46519	0.10	0.30	0.61
coarEASm-549-21	66209	6804	19749	39656	0.10	0.30	0.60
coarEASm-550-21	35728	3289	7406	25033	0.09	0.21	0.70
coarEASm-572-21	88159	8359	33768	46032	0.09	0.38	0.52
coarEASm-573-21	78796	7562	29342	41892	0.10	0.37	0.53
coarEASm-574-21	61258	4795	18307	38156	0.08	0.30	0.62
coarEASm-575-21	63510	5836	21113	36561	0.09	0.33	0.58
coarEASm-576-21	66106	6111	23135	36860	0.09	0.35	0.56
coarEASm-601-21	77181	6899	26678	43604	0.09	0.35	0.56
coarEASm-602-21	74232	6826	27173	40233	0.09	0.37	0.54
coarEASm-603-21	67297	5903	22787	38607	0.09	0.34	0.57
coarEASm-604-21	54151	4145	17097	32909	0.08	0.32	0.61
coarEASm-605-21	86052	6927	28484	50641	0.08	0.33	0.59
coarEASm-606-21	163539	27691	94097	41751	0.17	0.58	0.26
coarEASm-607-21	51012	4416	15369	31227	0.09	0.30	0.61
coarEASm-608-21	15267	1263	3495	10509	0.08	0.23	0.69
coarEASm-609-21	27683	2522	6841	18320	0.09	0.25	0.66
coarEASm-610-21	22874	2389	6063	14422	0.10	0.27	0.63
coarEASm-611-21	19624	2168	5397	12059	0.11	0.28	0.61
coarEASm-612-21	16543	1717	4363	10463	0.10	0.26	0.63
coarEASm-613-21	14471	1516	3670	9285	0.10	0.25	0.64
coarEASm-614-21	19608	1893	4872	12843	0.10	0.25	0.65
coarEASm-615-21	20220	1917	4851	13452	0.09	0.24	0.67
coarEASm-616-21	19622	1938	4872	12812	0.10	0.25	0.65
coarEASm-617-21	21581	2169	5145	14267	0.10	0.24	0.66
coarEASm-618-21	33489	2848	9011	21630	0.09	0.27	0.65
coarEASm-619-21	39234	2896	9956	26382	0.07	0.25	0.67
coarEASm-655-21	18491	2037	5189	11265	0.11	0.28	0.61
coarEASm-656-21	17255	1668	4337	11250	0.10	0.25	0.65
coarEASm-657-21	17736	2110	5056	10570	0.12	0.29	0.60
coarEASm-658-21	18103	2159	5193	10751	0.12	0.29	0.59
coarEASm-785-22	22805	2598	6099	14108	0.11	0.27	0.62
coarEASm-786-22	20760	2258	5465	13037	0.11	0.26	0.63
coarEASm-787-22	25129	2591	6205	16333	0.10	0.25	0.65
coarEASm-788-22	31308	2887	7383	21038	0.09	0.24	0.67
coarEASm-789-22	79719	7175	27189	45355	0.09	0.34	0.57
coarEASm-790-22	31836	3300	8513	20023	0.10	0.27	0.63
coarEASm-791-22	30807	3483	8742	18582	0.11	0.28	0.60
coarEASm-792-22	24381	2579	6738	15064	0.11	0.28	0.62
coarEASm-793-22	28236	2899	7421	17916	0.10	0.26	0.63
coarEASm-795-22	31109	3376	8656	19077	0.11	0.28	0.61
coarEASm-796-22	27526	2561	6601	18364	0.09	0.24	0.67
coarEASm-797-22	72814	7653	24148	41013	0.11	0.33	0.56
coarEASm-799-22	27116	2758	6766	17592	0.10	0.25	0.65
coarEASm-802-22	64576	5798	18290	40488	0.09	0.28	0.63
coarEASm-803-22	27141	2686	6611	17844	0.10	0.24	0.66
coarEASm-805-22	147609	15041	61351	71217	0.10	0.42	0.48
coarEASm-806-22	201943	29457	114712	57774	0.15	0.57	0.29
coarEASm-807-22	98301	8442	37034	52825	0.09	0.38	0.54
coarEASm-808-22	65936	6759	24765	34412	0.10	0.38	0.52
coarEASm-809-22	67082	5959	22633	38490	0.09	0.34	0.57
coarEASm-810-22	61405	6767	24321	30317	0.11	0.40	0.49
coarEASm-811-22	64990	5839	21517	37634	0.09	0.33	0.58
coarEASm-812-22	73376	5835	22917	44624	0.08	0.31	0.61
coarEASm-813-22	83704	8265	31607	43832	0.10	0.38	0.52
coarEASm-814-22	57824	5357	18839	33628	0.09	0.33	0.58
coarEASm-815-22	52754	4635	17502	30617	0.09	0.33	0.58
coarEASm-817-22	76774	5497	22440	48837	0.07	0.29	0.64
coarEASm-818-22	109132	14313	46996	47823	0.13	0.43	0.44
coarEASm-820-22	48704	4300	15058	29346	0.09	0.31	0.60
coarEASm-821-22	14567	1635	4194	8738	0.11	0.29	0.60
coarEASm-823-22	25518	3015	7655	14848	0.12	0.30	0.58
coarEASm-824-22	21226	2681	6455	12090	0.13	0.30	0.57
coarEASm-825-22	26946	3785	9168	13993	0.14	0.34	0.52
coarEASm-836-22	21508	2787	6787	11934	0.13	0.32	0.55
coarEASm-837-22	23014	3172	7539	12303	0.14	0.33	0.53
coarEASm-838-22	23519	2862	7124	13533	0.12	0.30	0.58
coarEASm-839-22	24753	2983	7233	14537	0.12	0.29	0.59
coarEASm-852-22	20056	2290	5940	11826	0.11	0.30	0.59
coarEASm-856-22	21155	2066	5285	13804	0.10	0.25	0.65
coarEASm-858-22	35650	3348	10609	21693	0.09	0.30	0.61
coarEASm-867-22	34659	4044	12290	18325	0.12	0.35	0.53
coarEASm-877-22	23510	2874	7265	13371	0.12	0.31	0.57
coarEASm-905-22	25692	3450	8711	13531	0.13	0.34	0.53
coarEASm-909-22	25144	2983	7505	14656	0.12	0.30	0.58
coarEASm-910-22	24498	3303	8155	13040	0.13	0.33	0.53
coarEASm-911-22	21323	2910	7743	10670	0.14	0.36	0.50
coarEASm-914-22	20663	2901	6790	10972	0.14	0.33	0.53
coarEASm-926-22	22892	3000	7038	12854	0.13	0.31	0.56
coarEASm-928-22	20041	2471	5850	11720	0.12	0.29	0.58
coarEASm-929-22	18216	2030	4966	11220	0.11	0.27	0.62
coarEASm-930-22	20700	2184	5504	13012	0.11	0.27	0.63
coarEASm-931-22	20346	1949	5597	12800	0.10	0.28	0.63
coarEASm-934-22	42683	4144	13340	25199	0.10	0.31	0.59
coarEASm-935-22	25254	3060	7962	14232	0.12	0.32	0.56
coarEASm-936-22	28749	3843	9672	15234	0.13	0.34	0.53
coarEASm-937-22	23926	2960	7431	13535	0.12	0.31	0.57
coarEASm-938-22	25966	3389	9247	13330	0.13	0.36	0.51
coarEASm-940-22	21782	2929	7297	11556	0.13	0.34	0.53
coarEASm-941-22	17460	2579	6307	8574	0.15	0.36	0.49
coarEASm-942-22	22845	3140	7460	12245	0.14	0.33	0.54
coarEASm-946-22	25652	3256	8197	14199	0.13	0.32	0.55
coarEASs-578-21	108821	8614	25654	74553	0.08	0.24	0.69
coarEASs-580-22	65635	6650	17860	41125	0.10	0.27	0.63
coarEASs-581-23	41931	4697	10953	26281	0.11	0.26	0.63
coarEASs-582-24	57320	5431	13527	38362	0.09	0.24	0.67
coarEASs-583-25	37364	4083	9459	23822	0.11	0.25	0.64
coarEASs-584-26	86066	7053	19267	59746	0.08	0.22	0.69
coarEASs-585-27	32482	3422	7670	21390	0.11	0.24	0.66
coarEASs-586-28	42268	4787	11024	26457	0.11	0.26	0.63
coarEASs-587-29	42942	4721	10610	27611	0.11	0.25	0.64
coarEASs-588-30	52475	5584	13325	33566	0.11	0.25	0.64
coarEASs-589-31	59701	6824	17696	35181	0.11	0.30	0.59
coarEASs-597-21	119437	14003	44787	60647	0.12	0.37	0.51
coarEASs-598-21	38595	3805	8229	26561	0.10	0.21	0.69
coarEASs-620-21	29618	3463	6893	19262	0.12	0.23	0.65
coarEASs-621-21	23679	3173	6018	14488	0.13	0.25	0.61
coarEASs-622-21	28627	3307	6217	19103	0.12	0.22	0.67
coarEASs-623-21	21933	3058	5971	12904	0.14	0.27	0.59
coarEASs-626-21	34790	3781	8246	22763	0.11	0.24	0.65
coarEASs-627-21	20443	2956	6022	11465	0.14	0.29	0.56
coarEASs-638-22	9719	1107	2657	5955	0.11	0.27	0.61
coarEASs-643-22	10082	1293	3084	5705	0.13	0.31	0.57
coarEASs-645-22	17251	1876	5215	10160	0.11	0.30	0.59
coarEASs-646-22	19237	1857	5139	12241	0.10	0.27	0.64
coarEASs-647-22	11823	1395	3331	7097	0.12	0.28	0.60
coarEASs-649-22	11191	1287	3166	6738	0.12	0.28	0.60
coarEASs-650-22	12062	1321	3151	7590	0.11	0.26	0.63
coarEASs-662-21	15639	2199	3862	9578	0.14	0.25	0.61
coarEASs-665-21	17473	3107	5972	8394	0.18	0.34	0.48
coarEASs-666-21	19404	2992	5472	10940	0.15	0.28	0.56
coarEASs-667-21	18571	3123	5922	9526	0.17	0.32	0.51
coarEASs-668-21	11765	2562	4612	4591	0.22	0.39	0.39
coarEASs-669-21	25489	3308	5808	16373	0.13	0.23	0.64
coarEASs-675-21	48858	5398	11800	31660	0.11	0.24	0.65
coarEASs-685-22	12595	1303	3863	7429	0.10	0.31	0.59
coarEASs-686-22	11266	1199	3048	7019	0.11	0.27	0.62
coarEASs-687-22	13572	1376	3554	8642	0.10	0.26	0.64
coarEASs-689-22	13091	1205	3038	8848	0.09	0.23	0.68
coarEASs-704-22	12899	1459	3704	7736	0.11	0.29	0.60
coarEASs-705-22	9807	1265	3069	5473	0.13	0.31	0.56
coarEASs-706-22	11439	1369	3620	6450	0.12	0.32	0.56
coarEASs-708-22	17896	1860	5093	10943	0.10	0.28	0.61
coarEASs-710-22	24416	2322	8353	13741	0.10	0.34	0.56
coarEASs-711-22	12322	1312	3326	7684	0.11	0.27	0.62
coarEASs-712-22	13126	1415	3512	8199	0.11	0.27	0.62
coarEASs-713-22	12837	1415	3272	8150	0.11	0.25	0.63
coarEASs-714-22	11551	1170	2930	7451	0.10	0.25	0.65
coarEASs-715-22	3186	348	774	2064	0.11	0.24	0.65
coarEASs-716-22	10511	686	1150	8675	0.07	0.11	0.83
coarEASs-717-22	2413	288	520	1605	0.12	0.22	0.67
coarEASs-718-22	3036	426	757	1853	0.14	0.25	0.61
coarEASs-720-22	2556	341	682	1533	0.13	0.27	0.60
coarEASs-722-22	3018	469	869	1680	0.16	0.29	0.56
coarEASs-723-22	6340	533	1263	4544	0.08	0.20	0.72
coarEASs-724-22	34065	3605	12280	18180	0.11	0.36	0.53
coarEASs-728-22	20631	2267	6611	11753	0.11	0.32	0.57
coarEASs-729-22	21340	2197	6846	12297	0.10	0.32	0.58
coarEASs-731-22	21951	2389	7340	12222	0.11	0.33	0.56
coarEASs-732-22	27278	2903	8828	15547	0.11	0.32	0.57
coarEASs-733-22	27632	2692	8141	16799	0.10	0.29	0.61
coarEASs-734-22	22560	2393	7553	12614	0.11	0.33	0.56
coarEASs-751-21	21979	2804	5294	13881	0.13	0.24	0.63
coarEASs-752-21	29505	3529	7232	18744	0.12	0.25	0.64
coarEASs-753-21	26777	3508	6857	16412	0.13	0.26	0.61
coarEASs-754-21	21407	2661	5306	13440	0.12	0.25	0.63
coarEASs-755-21	22207	2757	5196	14254	0.12	0.23	0.64
coarEASs-756-21	20006	2927	6289	10790	0.15	0.31	0.54
coarEASs-757-21	27903	3269	5932	18702	0.12	0.21	0.67
coarEASs-758-21	19278	2389	4382	12507	0.12	0.23	0.65
coarEASs-759-21	24679	2909	5564	16206	0.12	0.23	0.66
coarEASs-760-21	28085	3479	7194	17412	0.12	0.26	0.62
coarEASs-761-21	32135	3517	8636	19982	0.11	0.27	0.62
coarEASs-762-21	23344	3007	5981	14356	0.13	0.26	0.61
coarEASs-763-21	25301	3108	5938	16255	0.12	0.23	0.64
coarEASs-764-21	23069	3013	5987	14069	0.13	0.26	0.61
coarEASs-765-21	18465	2450	5362	10653	0.13	0.29	0.58
coarEASs-766-21	18066	2528	5407	10131	0.14	0.30	0.56
coarEASs-767-21	22088	2946	5317	13825	0.13	0.24	0.63
coarEASs-768-21	21850	2614	5801	13435	0.12	0.27	0.61
coarEASs-769-21	28417	2991	5637	19789	0.11	0.20	0.70
coarEASs-770-21	20634	2465	5564	12605	0.12	0.27	0.61
coarEASs-771-21	20969	2582	5198	13189	0.12	0.25	0.63
coarFISs-10-22	10674	1247	3036	6391	0.12	0.28	0.60
coarFISs-11-22	12874	1295	3346	8233	0.10	0.26	0.64
coarFISs-12-22	11926	1413	3517	6996	0.12	0.29	0.59
coarFISs-1-22	25337	2729	8297	14311	0.11	0.33	0.56
coarFISs-13-22	12808	1518	3715	7575	0.12	0.29	0.59
coarFISs-14-22	16780	2071	5428	9281	0.12	0.32	0.55
coarFISs-15-22	9381	1126	2779	5476	0.12	0.30	0.58
coarFISs-16-22	13256	1473	3689	8094	0.11	0.28	0.61
coarFISs-17-22	15930	1854	5067	9009	0.12	0.32	0.57
coarFISs-18-22	16086	1711	4617	9758	0.11	0.29	0.61
coarFISs-19-22	12781	1636	4062	7083	0.13	0.32	0.55
coarFISs-20-22	10084	1245	2992	5847	0.12	0.30	0.58
coarFISs-2-22	26079	2771	8476	14832	0.11	0.33	0.57
coarFISs-3-22	32558	3225	10433	18900	0.10	0.32	0.58
coarFISs-4-22	33267	3097	10488	19682	0.09	0.32	0.59
coarFISs-5-22	46375	6025	20301	20049	0.13	0.44	0.43
coarFISs-6-22	18490	1981	5635	10874	0.11	0.30	0.59
coarFISs-7-22	10589	1366	3328	5895	0.13	0.31	0.56
coarFISs-8-22	11895	1375	3419	7101	0.12	0.29	0.60
coarFISs-9-22	12174	1399	3434	7341	0.11	0.28	0.60
coarLAGs-001-20	13600	1445	4269	7886	0.11	0.31	0.58
coarLAGs-002-20	13169	1413	3626	8130	0.11	0.28	0.62
coarLAGs-003-20	13030	1305	3429	8296	0.10	0.26	0.64
coarLAGs-004-20	10907	1228	2916	6763	0.11	0.27	0.62
coarLAGs-005-20	13923	1623	4176	8124	0.12	0.30	0.58
coarLAGs-006-20	12787	1319	3211	8257	0.10	0.25	0.65
coarLAGs-007-20	14642	1609	4165	8868	0.11	0.28	0.61
coarLAGs-008-20	24102	2894	8626	12582	0.12	0.36	0.52
coarLAGs-009-20	19090	1964	5853	11273	0.10	0.31	0.59
coarLAGs-010-20	12055	1169	3009	7877	0.10	0.25	0.65
coarLAGs-011-20	13831	1444	4402	7985	0.10	0.32	0.58
coarLAGs-012-20	13730	1537	3977	8216	0.11	0.29	0.60
coarLAGs-013-20	11881	1318	3228	7335	0.11	0.27	0.62
coarLAGs-014-20	14803	1255	3398	10150	0.08	0.23	0.69
coarLAGs-015-20	8930	1169	2690	5071	0.13	0.30	0.57
coarLAGs-016-20	12958	1349	3178	8431	0.10	0.25	0.65
coarLAGs-017-20	13823	1560	4183	8080	0.11	0.30	0.58
coarLAGs-018-20	11344	1193	2900	7251	0.11	0.26	0.64
coarLAGs-019-20	12117	1375	3357	7385	0.11	0.28	0.61
coarLAGs-020-20	20525	2260	7155	11110	0.11	0.35	0.54
coarLAGs-031-20	18051	1891	5776	10384	0.10	0.32	0.58
coarLAGs-032-20	10913	1307	3321	6285	0.12	0.30	0.58
coarLAGs-033-20	13068	1534	4187	7347	0.12	0.32	0.56
coarLAGs-034-20	23188	1865	5082	16241	0.08	0.22	0.70
coarLAGs-035-20	12395	1371	3592	7432	0.11	0.29	0.60
coarLAGs-036-20	16564	1450	3762	11352	0.09	0.23	0.69
coarLAGs-037-20	14048	1487	3941	8620	0.11	0.28	0.61
coarLAGs-038-20	11987	1276	3135	7576	0.11	0.26	0.63
coarLAGs-039-20	21399	1699	4735	14965	0.08	0.22	0.70
coarLAGs-040-20	13128	1463	3709	7956	0.11	0.28	0.61
coarNOTs-025-20	60423	8755	28290	23378	0.14	0.47	0.39
coarNOTs-026-20	1613	278	789	546	0.17	0.49	0.34
coarNOTs-027-20	41419	3803	13432	24184	0.09	0.32	0.58
coarNOTs-028-20	30973	3069	10596	17308	0.10	0.34	0.56
coarNOTs-029-20	34291	3095	10443	20753	0.09	0.30	0.61
coarNOTs-030-20	50187	4295	15341	30551	0.09	0.31	0.61
coarNOTs-031-20	34699	3540	11829	19330	0.10	0.34	0.56
coarNOTs-032-20	48966	4762	16917	27287	0.10	0.35	0.56
coarNOTs-033-20	37242	3735	12945	20562	0.10	0.35	0.55
coarNOTs-034-20	34221	3664	12097	18460	0.11	0.35	0.54
coarNOTs-035-20	45590	4539	15825	25226	0.10	0.35	0.55
coarNOTs-036-20	61131	8018	28919	24194	0.13	0.47	0.40
coarNOTs-037-20	27833	2849	9614	15370	0.10	0.35	0.55
coarNOTs-038-20	12823	1398	3512	7913	0.11	0.27	0.62
coarNOTs-039-20	13585	1426	4040	8119	0.10	0.30	0.60
coarNOTs-040-20	14576	1301	3556	9719	0.09	0.24	0.67
coarNOTs-10-20	5293	392	854	4047	0.07	0.16	0.76
coarNOTs-11-20	6146	578	1341	4227	0.09	0.22	0.69
coarNOTs-1-20	13899	955	2667	10277	0.07	0.19	0.74
coarNOTs-12-20	8288	672	1694	5922	0.08	0.20	0.71
coarNOTs-13-20	15445	1385	4631	9429	0.09	0.30	0.61
coarNOTs-14-20	4457	403	1001	3053	0.09	0.22	0.68
coarNOTs-15-20	4975	466	1053	3456	0.09	0.21	0.69
coarNOTs-16-20	2982	296	545	2141	0.10	0.18	0.72
coarNOTs-17-20	5010	557	1421	3032	0.11	0.28	0.61
coarNOTs-18-20	5621	456	1122	4043	0.08	0.20	0.72
coarNOTs-19-20	6340	567	1315	4458	0.09	0.21	0.70
coarNOTs-20-20	5359	461	1071	3827	0.09	0.20	0.71
coarNOTs-21-20	4755	476	1039	3240	0.10	0.22	0.68
coarNOTs-2-20	6046	597	1319	4130	0.10	0.22	0.68
coarNOTs-22-20	6122	435	847	4840	0.07	0.14	0.79
coarNOTs-23-20	5779	524	1099	4156	0.09	0.19	0.72
coarNOTs-24-20	3152	185	213	2754	0.06	0.07	0.87
coarNOTs-3-20	4659	446	1063	3150	0.10	0.23	0.68
coarNOTs-4-20	4512	550	1181	2781	0.12	0.26	0.62
coarNOTs-5-20	5368	500	1187	3681	0.09	0.22	0.69
coarNOTs-6-20	5228	465	999	3764	0.09	0.19	0.72
coarNOTs-7-20	6410	490	1175	4745	0.08	0.18	0.74
coarNOTs-7501-21	24421	3059	5808	15554	0.13	0.24	0.64
coarNOTs-7502-21	27399	3454	7322	16623	0.13	0.27	0.61
coarNOTs-7503-21	13370	2293	4092	6985	0.17	0.31	0.52
coarNOTs-7504-21	6433	947	1239	4247	0.15	0.19	0.66
coarNOTs-7505-21	13117	1621	2533	8963	0.12	0.19	0.68
coarNOTs-7506-21	24409	3463	6478	14468	0.14	0.27	0.59
coarNOTs-7507-21	13603	1733	3197	8673	0.13	0.24	0.64
coarNOTs-7508-21	17004	2202	4074	10728	0.13	0.24	0.63
coarNOTs-7509-21	22078	2580	5232	14266	0.12	0.24	0.65
coarNOTs-7510-21	34345	3197	5953	25195	0.09	0.17	0.73
coarNOTs-7511-21	21214	2481	4674	14059	0.12	0.22	0.66
coarNOTs-7512-21	16019	2377	4382	9260	0.15	0.27	0.58
coarNOTs-7513-21	26754	3306	6286	17162	0.12	0.23	0.64
coarNOTs-7514-21	15207	1285	1510	12412	0.08	0.10	0.82
coarNOTs-7515-21	18697	2940	5660	10097	0.16	0.30	0.54
coarNOTs-7516-21	25092	2889	5487	16716	0.12	0.22	0.67
coarNOTs-7517-21	17479	2539	4779	10161	0.15	0.27	0.58
coarNOTs-7518-21	14475	2103	3560	8812	0.15	0.25	0.61
coarNOTs-7519-21	15959	1936	3602	10421	0.12	0.23	0.65
coarNOTs-7520-21	4210	745	1052	2413	0.18	0.25	0.57
coarNOTs-7521-21	31797	3284	6082	22431	0.10	0.19	0.71
coarNOTs-7522-21	27567	3539	6670	17358	0.13	0.24	0.63
coarNOTs-7523-21	21264	2893	5508	12863	0.14	0.26	0.60
coarNOTs-7524-21	22952	3065	5782	14105	0.13	0.25	0.61
coarNOTs-7525-21	30032	3344	6684	20004	0.11	0.22	0.67
coarNOTs-7526-21	15816	1277	1546	12993	0.08	0.10	0.82
coarNOTs-7527-21	27158	3302	6554	17302	0.12	0.24	0.64
coarNOTs-7528-21	20229	2642	4923	12664	0.13	0.24	0.63
coarNOTs-7529-21	10136	1370	2132	6634	0.14	0.21	0.65
coarNOTs-7530-21	20331	2967	5512	11852	0.15	0.27	0.58
coarNOTs-7531-21	22239	3066	5718	13455	0.14	0.26	0.61
coarNOTs-7532-21	6883	1159	1725	3999	0.17	0.25	0.58
coarNOTs-7533-21	5211	971	1773	2467	0.19	0.34	0.47
coarNOTs-7534-21	20005	2826	5191	11988	0.14	0.26	0.60
coarNOTs-7535-21	4692	810	1173	2709	0.17	0.25	0.58
coarNOTs-7536-21	19675	2880	5332	11463	0.15	0.27	0.58
coarNOTs-7537-21	32067	3895	7956	20216	0.12	0.25	0.63
coarNOTs-7538-21	53671	5897	14585	33189	0.11	0.27	0.62
coarNOTs-7539-21	23567	2759	5146	15662	0.12	0.22	0.66
coarNOTs-7540-21	32121	3878	7783	20460	0.12	0.24	0.64
coarNOTs-7541-21	8914	1557	2698	4659	0.17	0.30	0.52
coarNOTs-7542-21	25616	3388	6411	15817	0.13	0.25	0.62
coarNOTs-7543-21	29558	3651	6828	19079	0.12	0.23	0.65
coarNOTs-7544-21	24944	3135	5808	16001	0.13	0.23	0.64
coarNOTs-7545-21	26510	3017	5747	17746	0.11	0.22	0.67
coarNOTs-7546-21	5748	1130	1417	3201	0.20	0.25	0.56
coarNOTs-7547-21	25166	2893	5375	16898	0.11	0.21	0.67
coarNOTs-7548-21	14237	1412	1665	11160	0.10	0.12	0.78
coarNOTs-7549-21	37277	4111	9185	23981	0.11	0.25	0.64
coarNOTs-7550-21	69039	7285	21344	40410	0.11	0.31	0.59
coarNOTs-7551-21	42620	5263	12973	24384	0.12	0.30	0.57
coarNOTs-7552-21	23332	2341	4486	16505	0.10	0.19	0.71
coarNOTs-7553-21	2115	323	458	1334	0.15	0.22	0.63
coarNOTs-7554-21	24309	1466	2248	20595	0.06	0.09	0.85
coarNOTs-7555-21	3437	516	658	2263	0.15	0.19	0.66
coarNOTs-7556-21	34208	3086	6544	24578	0.09	0.19	0.72
coarNOTs-7557-21	38225	4014	9347	24864	0.11	0.24	0.65
coarNOTs-7558-21	33506	3225	7445	22836	0.10	0.22	0.68
coarNOTs-7559-21	38357	3745	8911	25701	0.10	0.23	0.67
coarNOTs-7560-21	9907	951	1341	7615	0.10	0.14	0.77
coarNOTs-7561-21	7550	1436	5767	347	0.19	0.76	0.05
coarNOTs-7562-21	3222	294	337	2591	0.09	0.10	0.80
coarNOTs-7563-21	2203	246	217	1740	0.11	0.10	0.79
coarNOTs-7564-21	5661	546	637	4478	0.10	0.11	0.79
coarNOTs-7565-21	30418	2007	3452	24959	0.07	0.11	0.82
coarNOTs-7566-21	1327	214	235	878	0.16	0.18	0.66
coarNOTs-7567-21	16689	1012	1045	14632	0.06	0.06	0.88
coarNOTs-7568-21	5995	647	693	4655	0.11	0.12	0.78
coarNOTs-7701-21	17744	1450	2459	13835	0.08	0.14	0.78
coarNOTs-7702-21	15221	2038	3538	9645	0.13	0.23	0.63
coarNOTs-7703-21	15710	1793	3306	10611	0.11	0.21	0.68
coarNOTs-7704-21	61410	3752	5681	51977	0.06	0.09	0.85
coarNOTs-7705-21	46418	3511	6828	36079	0.08	0.15	0.78
coarNOTs-7706-21	50662	4293	9579	36790	0.08	0.19	0.73
coarNOTs-7707-21	31670	2618	4654	24398	0.08	0.15	0.77
coarNOTs-7708-21	22718	2519	4664	15535	0.11	0.21	0.68
coarNOTs-7709-21	20567	2726	5017	12824	0.13	0.24	0.62
coarNOTs-7710-21	28515	2400	4302	21813	0.08	0.15	0.76
coarNOTs-7711-21	13871	2022	3780	8069	0.15	0.27	0.58
coarNOTs-7712-21	23443	2290	4108	17045	0.10	0.18	0.73
coarNOTs-7713-21	24823	2588	4662	17573	0.10	0.19	0.71
coarNOTs-7714-21	22493	2456	4697	15340	0.11	0.21	0.68
coarNOTs-7715-21	11047	1390	2310	7347	0.13	0.21	0.67
coarNOTs-7716-21	14865	2198	4143	8524	0.15	0.28	0.57
coarNOTs-7717-21	9550	1654	2886	5010	0.17	0.30	0.52
coarNOTs-7718-21	34616	3684	8160	22772	0.11	0.24	0.66
coarNOTs-7719-21	31522	2767	5431	23324	0.09	0.17	0.74
coarNOTs-7720-21	20160	2621	4955	12584	0.13	0.25	0.62
coarNOTs-7721-21	36212	2505	4863	28844	0.07	0.13	0.80
coarNOTs-7722-21	31030	2304	4135	24591	0.07	0.13	0.79
coarNOTs-7723-21	19749	1888	3537	14324	0.10	0.18	0.73
coarNOTs-7724-21	18077	1932	3626	12519	0.11	0.20	0.69
coarNOTs-7725-21	14683	1980	3681	9022	0.13	0.25	0.61
coarNOTs-7726-21	25242	2898	5721	16623	0.11	0.23	0.66
coarNOTs-7727-21	9731	1705	2857	5169	0.18	0.29	0.53
coarNOTs-7728-21	10730	2079	3553	5098	0.19	0.33	0.48
coarNOTs-7729-21	17713	2355	4307	11051	0.13	0.24	0.62
coarNOTs-7730-21	51000	4173	9125	37702	0.08	0.18	0.74
coarNOTs-7731-21	15877	1989	3561	10327	0.13	0.22	0.65
coarNOTs-7732-21	18025	2336	4386	11303	0.13	0.24	0.63
coarNOTs-7733-21	20353	2488	4778	13087	0.12	0.23	0.64
coarNOTs-7734-21	31587	2826	5392	23369	0.09	0.17	0.74
coarNOTs-7735-21	28507	2567	4611	21329	0.09	0.16	0.75
coarNOTs-7736-21	8436	1352	2260	4824	0.16	0.27	0.57
coarNOTs-7737-21	7349	1204	2002	4143	0.16	0.27	0.56
coarNOTs-7738-21	22183	2571	4790	14822	0.12	0.22	0.67
coarNOTs-7739-21	14986	1767	3162	10057	0.12	0.21	0.67
coarNOTs-7740-21	17112	2158	4046	10908	0.13	0.24	0.64
coarNOTs-7741-21	7732	1521	2663	3548	0.20	0.34	0.46
coarNOTs-7742-21	22634	3148	6813	12673	0.14	0.30	0.56
coarNOTs-7743-21	21197	2345	4396	14456	0.11	0.21	0.68
coarNOTs-7744-21	21237	2729	5260	13248	0.13	0.25	0.62
coarNOTs-7745-21	13014	1629	2966	8419	0.13	0.23	0.65
coarNOTs-7746-21	17768	2076	3987	11705	0.12	0.22	0.66
coarNOTs-7747-21	17652	1855	3083	12714	0.11	0.17	0.72
coarNOTs-7748-21	13779	1770	3089	8920	0.13	0.22	0.65
coarNOTs-7749-21	17150	2382	4331	10437	0.14	0.25	0.61
coarNOTs-7750-21	18224	2421	4318	11485	0.13	0.24	0.63
coarNOTs-7751-21	14707	2280	4306	8121	0.16	0.29	0.55
coarNOTs-7752-21	9653	1229	1811	6613	0.13	0.19	0.69
coarNOTs-7753-21	19454	2405	4620	12429	0.12	0.24	0.64
coarNOTs-7754-21	71948	6640	17351	47957	0.09	0.24	0.67
coarNOTs-7755-21	22884	2868	5551	14465	0.13	0.24	0.63
coarNOTs-7756-21	40441	4040	8619	27782	0.10	0.21	0.69
coarNOTs-7757-21	20131	2573	5113	12445	0.13	0.25	0.62
coarNOTs-7758-21	20184	2502	4743	12939	0.12	0.23	0.64
coarNOTs-7759-21	26463	2974	5599	17890	0.11	0.21	0.68
coarNOTs-7760-21	15954	1958	3469	10527	0.12	0.22	0.66
coarNOTs-7761-21	17907	1815	3098	12994	0.10	0.17	0.73
coarNOTs-7762-21	20420	2459	4318	13643	0.12	0.21	0.67
coarNOTs-8-20	4595	386	828	3381	0.08	0.18	0.74
coarNOTs-9-20	5052	508	1204	3340	0.10	0.24	0.66
coarROGs-2751-21	9892	839	2408	6645	0.08	0.24	0.67
coarROGs-2752-21	166	88	62	16	0.53	0.37	0.10
coarROGs-2753-21	188	92	86	10	0.49	0.46	0.05
coarROGs-2754-21	151	79	63	9	0.52	0.42	0.06
coarROGs-2755-21	143	66	70	7	0.46	0.49	0.05
coarROGs-2756-21	34280	2697	6551	25032	0.08	0.19	0.73
coarRUPs-041-20	13523	1377	3621	8525	0.10	0.27	0.63
coarRUPs-042-20	21302	2677	7153	11472	0.13	0.34	0.54
coarRUPs-043-20	25023	2558	8039	14426	0.10	0.32	0.58
coarRUPs-044-20	12733	1328	3445	7960	0.10	0.27	0.63
coarRUPs-045-20	8298	852	2193	5253	0.10	0.26	0.63
coarRUPs-046-20	12414	1271	3232	7911	0.10	0.26	0.64
coarRUPs-047-20	14279	1348	3370	9561	0.09	0.24	0.67
coarRUPs-048-20	15402	1405	3859	10138	0.09	0.25	0.66
coarRUPs-049-20	10472	1121	2600	6751	0.11	0.25	0.64
coarRUPs-050-20	11033	1196	2885	6952	0.11	0.26	0.63
coarRUPs-051-20	22801	1807	5051	15943	0.08	0.22	0.70
coarRUPs-052-20	11394	1161	2860	7373	0.10	0.25	0.65
coarRUPs-053-20	12210	1300	3398	7512	0.11	0.28	0.62
coarRUPs-054-20	23463	2881	8493	12089	0.12	0.36	0.52
coarRUPs-055-20	25701	2717	8590	14394	0.11	0.33	0.56
coarRUPs-056-20	11817	1311	3329	7177	0.11	0.28	0.61
coarRUPs-057-20	14523	1360	3756	9407	0.09	0.26	0.65
coarRUPs-058-20	13154	1227	3014	8913	0.09	0.23	0.68
coarRUPs-059-20	11351	1272	3231	6848	0.11	0.28	0.60
coarRUPs-060-20	11547	1206	3222	7119	0.10	0.28	0.62
coarRUPs-061-20	11937	1206	3538	7193	0.10	0.30	0.60
coarRUPs-062-20	13958	1296	3496	9166	0.09	0.25	0.66
coarRUPs-063-20	13708	1252	3004	9452	0.09	0.22	0.69
coarRUPs-064-20	11723	1230	3015	7478	0.10	0.26	0.64
coarRUPs-065-20	10238	1245	3445	5548	0.12	0.34	0.54
coarRUPs-066-20	21598	2151	6294	13153	0.10	0.29	0.61
coarRUPs-067-20	31889	3461	12023	16405	0.11	0.38	0.51
coarRUPs-068-20	12252	1237	3149	7866	0.10	0.26	0.64
coarRUPs-069-20	13417	1339	3699	8379	0.10	0.28	0.62
coarRUPs-070-20	13018	1336	3409	8273	0.10	0.26	0.64
coarRUPs-071-20	13743	1306	3643	8794	0.10	0.27	0.64
coarRUPs-072-20	19949	1528	3855	14566	0.08	0.19	0.73
coarRUPs-073-20	18235	1485	3802	12948	0.08	0.21	0.71
coarRUPs-074-20	15182	1401	3848	9933	0.09	0.25	0.65
coarRUPs-075-20	12165	1329	3236	7600	0.11	0.27	0.62
coarRUPs-076-20	10568	1268	3127	6173	0.12	0.30	0.58
coarRUPs-077-20	13207	1457	3804	7946	0.11	0.29	0.60
coarRUPs-078-20	22073	2339	6999	12735	0.11	0.32	0.58
coarRUPs-079-20	36387	4008	14152	18227	0.11	0.39	0.50
coarRUPs-080-20	13539	1584	4073	7882	0.12	0.30	0.58
coarRUPs-10-20	4939	430	908	3601	0.09	0.18	0.73
coarRUPs-11-20	6397	429	748	5220	0.07	0.12	0.82
coarRUPs-1-20	6435	469	1005	4961	0.07	0.16	0.77
coarRUPs-12-20	3980	402	863	2715	0.10	0.22	0.68
coarRUPs-13-20	9511	611	1471	7429	0.06	0.15	0.78
coarRUPs-14-20	6952	500	946	5506	0.07	0.14	0.79
coarRUPs-15-20	6897	535	1178	5184	0.08	0.17	0.75
coarRUPs-16-20	3521	294	661	2566	0.08	0.19	0.73
coarRUPs-17-20	7354	677	1789	4888	0.09	0.24	0.66
coarRUPs-18-20	5738	572	1317	3849	0.10	0.23	0.67
coarRUPs-19-20	4542	469	981	3092	0.10	0.22	0.68
coarRUPs-20-20	6240	451	803	4986	0.07	0.13	0.80
coarRUPs-21-20	5919	544	1279	4096	0.09	0.22	0.69
coarRUPs-2-20	5812	439	781	4592	0.08	0.13	0.79
coarRUPs-22-20	18959	1016	2641	15302	0.05	0.14	0.81
coarRUPs-23-20	5472	501	1112	3859	0.09	0.20	0.71
coarRUPs-24-20	6464	515	998	4951	0.08	0.15	0.77
coarRUPs-25-20	5900	467	1075	4358	0.08	0.18	0.74
coarRUPs-26-20	5241	575	1217	3449	0.11	0.23	0.66
coarRUPs-27-20	5643	495	1108	4040	0.09	0.20	0.72
coarRUPs-28-20	8163	700	1735	5728	0.09	0.21	0.70
coarRUPs-29-20	11233	779	2233	8221	0.07	0.20	0.73
coarRUPs-30-20	4388	371	648	3369	0.08	0.15	0.77
coarRUPs-31-20	5160	507	1224	3429	0.10	0.24	0.66
coarRUPs-3-20	8136	523	1082	6531	0.06	0.13	0.80
coarRUPs-32-20	4815	472	1105	3238	0.10	0.23	0.67
coarRUPs-33-20	4496	445	1011	3040	0.10	0.22	0.68
coarRUPs-34-20	5935	565	1299	4071	0.10	0.22	0.69
coarRUPs-35-20	4995	531	1237	3227	0.11	0.25	0.65
coarRUPs-36-20	4636	456	1133	3047	0.10	0.24	0.66
coarRUPs-37-20	4618	493	1160	2965	0.11	0.25	0.64
coarRUPs-38-20	89	25	64	0	0.28	0.72	0.00
coarRUPs-39-20	6094	433	692	4969	0.07	0.11	0.82
coarRUPs-40-20	6399	489	1117	4793	0.08	0.17	0.75
coarRUPs-4-20	7132	599	1372	5161	0.08	0.19	0.72
coarRUPs-5-20	9027	771	2025	6231	0.09	0.22	0.69
coarRUPs-6-20	5255	492	1148	3615	0.09	0.22	0.69
coarRUPs-7-20	4663	445	890	3328	0.10	0.19	0.71
coarRUPs-7601-21	22296	2279	4108	15909	0.10	0.18	0.71
coarRUPs-7602-21	22462	2501	4441	15520	0.11	0.20	0.69
coarRUPs-7603-21	25086	3131	6243	15712	0.12	0.25	0.63
coarRUPs-7604-21	216126	23670	92721	99735	0.11	0.43	0.46
coarRUPs-7605-21	58388	7302	17435	33651	0.13	0.30	0.58
coarRUPs-7606-21	97664	10107	24955	62602	0.10	0.26	0.64
coarRUPs-7607-21	58244	7300	16730	34214	0.13	0.29	0.59
coarRUPs-7608-21	56622	6866	16153	33603	0.12	0.29	0.59
coarRUPs-7609-21	96549	8490	20861	67198	0.09	0.22	0.70
coarRUPs-7610-21	104111	8134	18823	77154	0.08	0.18	0.74
coarRUPs-7611-21	71250	8298	19336	43616	0.12	0.27	0.61
coarRUPs-7612-21	55915	6173	13777	35965	0.11	0.25	0.64
coarRUPs-7613-21	13032	2287	4109	6636	0.18	0.32	0.51
coarRUPs-7614-21	31940	3206	5997	22737	0.10	0.19	0.71
coarRUPs-7615-21	54832	4535	10095	40202	0.08	0.18	0.73
coarRUPs-7616-21	50130	6346	21885	21899	0.13	0.44	0.44
coarRUPs-7617-21	56664	6269	21809	28586	0.11	0.38	0.50
coarRUPs-7618-21	28072	3532	10961	13579	0.13	0.39	0.48
coarRUPs-7619-21	34769	4219	12874	17676	0.12	0.37	0.51
coarRUPs-7620-21	46972	4881	12872	29219	0.10	0.27	0.62
coarRUPs-7621-21	34152	3503	7921	22728	0.10	0.23	0.67
coarRUPs-7622-21	26451	2793	6108	17550	0.11	0.23	0.66
coarRUPs-7623-21	33765	3568	8150	22047	0.11	0.24	0.65
coarRUPs-7624-21	29286	3275	7475	18536	0.11	0.26	0.63
coarRUPs-7625-21	49779	4580	11467	33732	0.09	0.23	0.68
coarRUPs-7626-21	42981	4290	11554	27137	0.10	0.27	0.63
coarRUPs-7627-21	119488	14914	49527	55047	0.12	0.41	0.46
coarRUPs-7628-21	46864	5358	19031	22475	0.11	0.41	0.48
coarRUPs-7629-21	41175	5660	17417	18098	0.14	0.42	0.44
coarRUPs-7630-21	23299	2774	7763	12762	0.12	0.33	0.55
coarRUPs-7631-21	29838	4265	12950	12623	0.14	0.43	0.42
coarRUPs-7632-21	23069	2836	6575	13658	0.12	0.29	0.59
coarRUPs-7633-21	16994	2196	4605	10193	0.13	0.27	0.60
coarRUPs-7634-21	16099	2184	4341	9574	0.14	0.27	0.59
coarRUPs-7635-21	21003	2463	5193	13347	0.12	0.25	0.64
coarRUPs-7636-21	24336	2876	5417	16043	0.12	0.22	0.66
coarRUPs-7637-21	23609	2790	5712	15107	0.12	0.24	0.64
coarRUPs-7638-21	19390	2659	5231	11500	0.14	0.27	0.59
coarRUPs-7639-21	37123	3843	8236	25044	0.10	0.22	0.67
coarRUPs-7640-21	32437	4812	14677	12948	0.15	0.45	0.40
coarRUPs-7641-21	44204	6521	20634	17049	0.15	0.47	0.39
coarRUPs-7642-21	22288	2785	8639	10864	0.12	0.39	0.49
coarRUPs-7643-21	28384	3468	10972	13944	0.12	0.39	0.49
coarRUPs-7644-21	19824	2444	5277	12103	0.12	0.27	0.61
coarRUPs-7645-21	25662	2456	5091	18115	0.10	0.20	0.71
coarRUPs-7646-21	9354	1291	2485	5578	0.14	0.27	0.60
coarRUPs-7647-21	16510	2260	4216	10034	0.14	0.26	0.61
coarRUPs-7648-21	13165	1693	3188	8284	0.13	0.24	0.63
coarRUPs-7649-21	14470	2013	3940	8517	0.14	0.27	0.59
coarRUPs-7650-21	21287	2657	5156	13474	0.12	0.24	0.63
coarRUPs-7651-21	27808	3230	6917	17661	0.12	0.25	0.64
coarRUPs-7652-21	39976	5690	17622	16664	0.14	0.44	0.42
coarRUPs-7653-21	47730	7043	22790	17897	0.15	0.48	0.37
coarRUPs-7654-21	35503	4837	15475	15191	0.14	0.44	0.43
coarRUPs-7655-21	38186	4459	15457	18270	0.12	0.40	0.48
coarRUPs-7656-21	22353	2889	6319	13145	0.13	0.28	0.59
coarRUPs-7657-21	14091	1688	3368	9035	0.12	0.24	0.64
coarRUPs-7658-21	15510	1960	3861	9689	0.13	0.25	0.62
coarRUPs-7659-21	18462	2274	4205	11983	0.12	0.23	0.65
coarRUPs-7660-21	18393	2324	4434	11635	0.13	0.24	0.63
coarRUPs-8-20	5513	504	1220	3789	0.09	0.22	0.69
coarRUPs-9-20	5824	527	1178	4119	0.09	0.20	0.71
coarSABs-001-20	55868	5290	11395	39183	0.09	0.20	0.70
coarSABs-002-20	53472	5332	11717	36423	0.10	0.22	0.68
coarSABs-003-20	33870	3281	5794	24795	0.10	0.17	0.73
coarSABs-004-20	62043	5055	9975	47013	0.08	0.16	0.76
coarSABs-005-20	66937	5196	10237	51504	0.08	0.15	0.77
coarSABs-006-20	109789	9693	25883	74213	0.09	0.24	0.68
coarSABs-007-20	63732	5195	12175	46362	0.08	0.19	0.73
coarSABs-008-20	54535	5103	11166	38266	0.09	0.20	0.70
coarSABs-009-20	50598	4285	9479	36834	0.08	0.19	0.73
coarSABs-010-20	54877	4623	9468	40786	0.08	0.17	0.74
coarSABs-011-20	33076	3385	6591	23100	0.10	0.20	0.70
coarSABs-012-20	109855	6907	15849	87099	0.06	0.14	0.79
coarSABs-013-20	46323	4798	10353	31172	0.10	0.22	0.67
coarSABs-014-20	51879	3745	6878	41256	0.07	0.13	0.80
coarSABs-015-20	48561	4716	10168	33677	0.10	0.21	0.69
coarSABs-016-20	59329	4164	7317	47848	0.07	0.12	0.81
coarSABs-017-20	51767	5334	11158	35275	0.10	0.22	0.68
coarSABs-018-20	69184	5658	12816	50710	0.08	0.19	0.73
coarSABs-019-20	74855	7027	18041	49787	0.09	0.24	0.67
coarSABs-020-20	66324	5290	11644	49390	0.08	0.18	0.74
coarSABs-021-20	51505	4616	10334	36555	0.09	0.20	0.71
coarSABs-022-20	51217	4746	10129	36342	0.09	0.20	0.71
coarSABs-023-21	163236	26320	87076	49840	0.16	0.53	0.31
coarSABs-024-21	1830	390	1056	384	0.21	0.58	0.21
coarSABs-025-21	88001	5432	10621	71948	0.06	0.12	0.82
coarSABs-026-21	8442	1537	5977	928	0.18	0.71	0.11
coarSABs-027-21	253	145	97	11	0.57	0.38	0.04
coarSABs-028-21	60288	3859	6638	49791	0.06	0.11	0.83
coarSABs-029-21	136777	12301	41136	83340	0.09	0.30	0.61
coarSABs-030-21	4557	667	1548	2342	0.15	0.34	0.51
coarSABs-031-21	51227	3906	8116	39205	0.08	0.16	0.77
coarSABs-032-21	110246	8441	26449	75356	0.08	0.24	0.68
coarSABs-033-21	77398	8200	20988	48210	0.11	0.27	0.62
coarSABs-034-21	42888	7966	30484	4438	0.19	0.71	0.10
coarSABs-035-21	227	106	108	13	0.47	0.48	0.06
coarSABs-036-21	526	117	265	144	0.22	0.50	0.27
coarSABs-037-21	43152	3238	5958	33956	0.08	0.14	0.79
coarSABs-038-21	29811	2188	4547	23076	0.07	0.15	0.77
coarSABs-039-21	16595	968	1647	13980	0.06	0.10	0.84
coarSABs-040-21	273	99	154	20	0.36	0.56	0.07
coarWASm-001-20	82750	7541	20709	54500	0.09	0.25	0.66
coarWASm-002-20	87948	9947	34171	43830	0.11	0.39	0.50
coarWASm-003-20	61	30	11	20	0.49	0.18	0.33
coarWASm-004-20	13666	2131	4361	7174	0.16	0.32	0.52
coarWASm-005-20	22545	2982	6394	13169	0.13	0.28	0.58
coarWASm-006-20	13219	1760	3523	7936	0.13	0.27	0.60
coarWASm-007-20	15903	3342	6629	5932	0.21	0.42	0.37
coarWASm-008-20	15073	3149	5734	6190	0.21	0.38	0.41
coarWASm-009-20	20545	3233	6083	11229	0.16	0.30	0.55
coarWASm-010-20	19944	2626	5518	11800	0.13	0.28	0.59
coarWASm-011-20	14660	2188	4715	7757	0.15	0.32	0.53
coarWASm-012-20	14425	1507	3206	9712	0.10	0.22	0.67
coarWASm-013-20	13894	1386	2371	10137	0.10	0.17	0.73
coarWASm-014-20	30487	3065	8113	19309	0.10	0.27	0.63
coarWASm-015-20	9940	925	1256	7759	0.09	0.13	0.78
coarWASm-016-20	9620	1651	3505	4464	0.17	0.36	0.46
coarWASm-017-20	17908	2418	5346	10144	0.14	0.30	0.57
coarWASm-018-20	26606	3791	8135	14680	0.14	0.31	0.55
coarWASm-019-20	13628	2702	4957	5969	0.20	0.36	0.44
coarWASm-020-20	25447	4359	8506	12582	0.17	0.33	0.49
coarWASm-021-20	17479	2445	5456	9578	0.14	0.31	0.55
coarWASm-022-20	12543	2252	4305	5986	0.18	0.34	0.48
coarWASm-023-20	18613	2268	4890	11455	0.12	0.26	0.62
coarWASm-2951-21	10353	1486	2822	6045	0.14	0.27	0.58
coarWASm-2952-21	17517	2103	4120	11294	0.12	0.24	0.64
coarWASm-2953-21	15618	2118	4665	8835	0.14	0.30	0.57
coarWASm-2954-21	36543	4126	9969	22448	0.11	0.27	0.61
coarWASm-2955-21	20326	2899	6141	11286	0.14	0.30	0.56
coarWASm-2956-21	19162	2616	5475	11071	0.14	0.29	0.58
coarWASm-2957-21	24955	3420	7467	14068	0.14	0.30	0.56
coarWASm-2958-21	30800	4845	11604	14351	0.16	0.38	0.47
coarWASm-2959-21	17632	2691	5436	9505	0.15	0.31	0.54
coarWASm-2960-21	19022	2382	4703	11937	0.13	0.25	0.63
coarWASm-2961-21	10725	1555	3017	6153	0.14	0.28	0.57
coarWASm-2962-21	22841	3275	6885	12681	0.14	0.30	0.56
coarWASm-2963-21	10961	1146	2038	7777	0.10	0.19	0.71
coarWASm-2964-21	15215	1646	2881	10688	0.11	0.19	0.70
coarWASm-2965-21	28687	3193	7188	18306	0.11	0.25	0.64
coarWASm-2966-21	16860	3208	6952	6700	0.19	0.41	0.40
coarWASm-2967-21	18502	2320	4933	11249	0.13	0.27	0.61
coarWASm-2968-21	20256	3057	6378	10821	0.15	0.31	0.53
coarWASm-2969-21	24259	3164	6780	14315	0.13	0.28	0.59
coarWASm-2970-21	23495	2981	6546	13968	0.13	0.28	0.59
coarWASm-2971-21	19271	3587	6918	8766	0.19	0.36	0.45
coarWASm-2972-21	15134	1809	3345	9980	0.12	0.22	0.66
coarWASm-2973-21	12130	1604	3137	7389	0.13	0.26	0.61
coarWASm-2974-21	16637	3539	6700	6398	0.21	0.40	0.38
coarWASm-2975-21	21805	1978	3478	16349	0.09	0.16	0.75
coarWASm-2976-21	7236	1142	2236	3858	0.16	0.31	0.53
coarWASm-2977-21	23184	2603	5614	14967	0.11	0.24	0.65
coarWASm-2978-21	37734	4457	11044	22233	0.12	0.29	0.59
coarWASm-2979-21	11734	2593	5059	4082	0.22	0.43	0.35
coarWASm-2980-21	20659	2736	5515	12408	0.13	0.27	0.60
coarWASm-2981-21	19416	2703	5778	10935	0.14	0.30	0.56
coarWASm-2982-21	21840	3585	6917	11338	0.16	0.32	0.52
coarWASm-2983-21	16933	2255	4597	10081	0.13	0.27	0.60
coarWASm-2984-21	20723	2755	5743	12225	0.13	0.28	0.59
coarWASm-2985-21	19050	1665	3143	14242	0.09	0.16	0.75
coarWASm-2986-21	11186	1527	3060	6599	0.14	0.27	0.59
coarWASm-2987-21	13397	2145	4270	6982	0.16	0.32	0.52
coarWASm-2988-21	15422	1616	2907	10899	0.10	0.19	0.71
coarWASm-2989-21	21722	2759	5981	12982	0.13	0.28	0.60
coarWASm-2990-21	45089	4844	12994	27251	0.11	0.29	0.60
coarWASm-2991-21	20194	2424	5365	12405	0.12	0.27	0.61
coarWASm-2992-21	19802	2687	5711	11404	0.14	0.29	0.58
coarWASm-2993-21	23760	3666	7460	12634	0.15	0.31	0.53
coarWASm-2994-21	22640	3036	6508	13096	0.13	0.29	0.58
coarWASm-2995-21	22360	3199	6834	12327	0.14	0.31	0.55
coarWASm-2996-21	16923	2193	4857	9873	0.13	0.29	0.58
coarWASm-2997-21	24263	3882	7901	12480	0.16	0.33	0.51
coarWASm-2998-21	17636	2054	4246	11336	0.12	0.24	0.64
coarWASm-2999-21	16191	1636	3336	11219	0.10	0.21	0.69
coarWASm-3000-21	17562	1995	4062	11505	0.11	0.23	0.66
coarWASm-3012-21	11518	3085	8050	383	0.27	0.70	0.03
coarWASm-3013-21	9759	2522	6840	397	0.26	0.70	0.04
coarWASm-3276-21	31777	3135	8315	20327	0.10	0.26	0.64
coarWASm-3277-21	86181	10310	32314	43557	0.12	0.37	0.51
coarWASm-3278-21	26195	3013	6680	16502	0.12	0.26	0.63
coarWASm-3279-21	27123	3725	8355	15043	0.14	0.31	0.55
coarWASm-3280-21	31627	2798	6670	22159	0.09	0.21	0.70
coarWASm-3281-21	26390	3811	8102	14477	0.14	0.31	0.55
coarWASm-3282-21	25296	2918	6364	16014	0.12	0.25	0.63
coarWASm-3283-21	27674	3209	7187	17278	0.12	0.26	0.62
coarWASm-3284-21	27353	3502	7701	16150	0.13	0.28	0.59
coarWASm-3285-21	30656	4051	9031	17574	0.13	0.29	0.57
coarWASm-3286-21	22040	2436	5197	14407	0.11	0.24	0.65
coarWASm-3287-21	28545	3719	7953	16873	0.13	0.28	0.59
coarWASm-3288-21	51843	5074	13099	33670	0.10	0.25	0.65
coarWASm-3289-21	17396	1887	4658	10851	0.11	0.27	0.62
coarWASm-3290-21	16633	1909	4461	10263	0.11	0.27	0.62
coarWASm-3291-21	17296	1898	4653	10745	0.11	0.27	0.62
coarWASm-3292-21	18953	2077	5146	11730	0.11	0.27	0.62
coarWASm-3293-21	17579	2027	4714	10838	0.12	0.27	0.62
coarWASm-3294-21	16096	1783	4252	10061	0.11	0.26	0.63
coarWASm-3295-21	20842	1973	5643	13226	0.09	0.27	0.63
coarWASm-3296-21	41315	3818	12807	24690	0.09	0.31	0.60
coarWASm-3297-21	19613	1887	4774	12952	0.10	0.24	0.66
coarWASm-3298-21	18800	1920	4814	12066	0.10	0.26	0.64
coarWASm-3299-21	20808	2489	5876	12443	0.12	0.28	0.60
coarWASm-3300-21	20521	2564	6458	11499	0.12	0.31	0.56
coarWASm-3301-21	10935	1186	2960	6789	0.11	0.27	0.62
coarWASm-3302-21	20010	2219	5422	12369	0.11	0.27	0.62
coarWASm-3303-21	15040	1855	4196	8989	0.12	0.28	0.60
coarWASm-3304-21	15453	1620	4039	9794	0.10	0.26	0.63
coarWASm-3305-21	19044	2239	6279	10526	0.12	0.33	0.55
coarWASm-3306-21	16103	1758	4086	10259	0.11	0.25	0.64
coarWASm-3307-21	25001	2417	6972	15612	0.10	0.28	0.62
coarWASm-3308-21	38565	3785	12270	22510	0.10	0.32	0.58
coarWASm-3309-21	15848	1786	4389	9673	0.11	0.28	0.61
coarWASm-3310-21	19021	1845	4537	12639	0.10	0.24	0.66
coarWASm-3311-21	16497	1961	4680	9856	0.12	0.28	0.60
coarWASm-3312-21	14586	1483	3669	9434	0.10	0.25	0.65
coarWASm-3313-21	16792	1863	4433	10496	0.11	0.26	0.63
coarWASm-3314-21	14442	1616	3755	9071	0.11	0.26	0.63
coarWASm-3315-21	13498	1501	3721	8276	0.11	0.28	0.61
coarWASm-3316-21	16838	1781	4403	10654	0.11	0.26	0.63
coarWASm-3317-21	18009	1788	4487	11734	0.10	0.25	0.65
coarWASm-3318-21	17565	1721	4164	11680	0.10	0.24	0.66
coarWASm-3319-21	24330	2254	6439	15637	0.09	0.26	0.64
coarWASm-3320-21	46889	4308	14875	27706	0.09	0.32	0.59
coarWASm-3321-21	21226	2044	5447	13735	0.10	0.26	0.65
coarWASm-3322-21	17897	1899	4946	11052	0.11	0.28	0.62
coarWASm-3323-21	19924	2187	5718	12019	0.11	0.29	0.60
coarWASm-3324-21	17941	2086	5078	10777	0.12	0.28	0.60
coarWASm-3325-21	18516	1548	4052	12916	0.08	0.22	0.70
coarWASm-3326-21	20118	1880	4866	13372	0.09	0.24	0.66
coarWASm-3327-21	15417	1592	3841	9984	0.10	0.25	0.65
coarWASm-3328-21	17819	1971	5514	10334	0.11	0.31	0.58
coarWASm-3329-21	25799	3203	8276	14320	0.12	0.32	0.56
coarWASm-3330-21	18895	1721	4305	12869	0.09	0.23	0.68
coarWASm-3331-21	67797	22529	45264	4	0.33	0.67	0.00
coarWASm-3332-21	52250	4918	17205	30127	0.09	0.33	0.58
coarWASm-3333-21	17880	1772	4372	11736	0.10	0.24	0.66
coarWASm-3334-21	17910	1609	4157	12144	0.09	0.23	0.68
coarWASm-3335-21	18807	2214	5392	11201	0.12	0.29	0.60
coarWASm-3336-21	17499	1529	3876	12094	0.09	0.22	0.69
coarWASm-3337-21	23455	2184	5982	15289	0.09	0.26	0.65
coarWASm-3338-21	18993	2178	5249	11566	0.11	0.28	0.61
coarWASm-3339-21	17979	2006	5270	10703	0.11	0.29	0.60
coarWASm-3340-21	18390	2123	5102	11165	0.12	0.28	0.61
coarWASm-3341-21	20262	1626	4453	14183	0.08	0.22	0.70
coarWASm-3342-21	19916	1491	3454	14971	0.07	0.17	0.75
coarWASm-3343-21	34032	2950	9324	21758	0.09	0.27	0.64
coarWASm-3344-21	82389	6495	27753	48141	0.08	0.34	0.58
coarWASm-3345-21	24412	2009	5480	16923	0.08	0.22	0.69
coarWASm-3346-21	22137	2343	6051	13743	0.11	0.27	0.62
coarWASm-3347-21	22243	2243	5638	14362	0.10	0.25	0.65
coarWASm-3348-21	21361	2143	5811	13407	0.10	0.27	0.63
coarWASm-3349-21	20436	1973	5071	13392	0.10	0.25	0.66
coarWASm-3350-21	23719	2171	5511	16037	0.09	0.23	0.68
coarWASm-3351-21	59388	4046	14009	41333	0.07	0.24	0.70
coarWASm-3352-21	61419	5498	18797	37124	0.09	0.31	0.60
coarWASm-3353-21	25483	2241	5837	17405	0.09	0.23	0.68
coarWASm-3354-21	24244	1995	5073	17176	0.08	0.21	0.71
coarWASm-3355-21	56463	3992	14837	37634	0.07	0.26	0.67
coarWASm-3356-21	70413	5804	24331	40278	0.08	0.35	0.57
coarWASm-3357-21	61888	5607	19327	36954	0.09	0.31	0.60
coarWASm-3358-21	94117	7586	31179	55352	0.08	0.33	0.59
coarWASm-3359-21	55139	5065	16533	33541	0.09	0.30	0.61
coarWASm-3360-21	56292	4714	15625	35953	0.08	0.28	0.64
coarWASm-3361-21	38604	3563	10676	24365	0.09	0.28	0.63
coarWASm-3362-21	61091	4199	13854	43038	0.07	0.23	0.70
coarWASm-3363-21	57375	4775	16648	35952	0.08	0.29	0.63
coarWASm-3364-21	52733	4260	16329	32144	0.08	0.31	0.61
coarWASm-3365-21	77848	6748	24690	46410	0.09	0.32	0.60
coarWASm-3366-21	143668	19050	69159	55459	0.13	0.48	0.39
coarWASm-3367-21	42752	3583	11106	28063	0.08	0.26	0.66
coarWASm-3368-21	25381	2531	6532	16318	0.10	0.26	0.64
coarWASm-3369-21	32478	2817	7717	21944	0.09	0.24	0.68
coarWASm-3370-21	27314	2867	7254	17193	0.10	0.27	0.63
coarWASm-3371-21	26941	2576	6525	17840	0.10	0.24	0.66
coarWASm-3372-21	25258	2514	6335	16409	0.10	0.25	0.65
coarWASm-3373-21	23012	2012	5099	15901	0.09	0.22	0.69
coarWASm-3374-21	20531	2129	5444	12958	0.10	0.27	0.63
coarWASm-3375-21	21173	2370	5613	13190	0.11	0.27	0.62
coarWASm-3376-21	17828	1828	4182	11818	0.10	0.23	0.66
coarWASm-3377-21	22418	2073	4849	15496	0.09	0.22	0.69
coarWASm-3378-21	37349	3177	9277	24895	0.09	0.25	0.67
coarWASm-3379-21	29188	2824	8164	18200	0.10	0.28	0.62
coarWASm-3380-21	23806	2180	5640	15986	0.09	0.24	0.67
coarWASm-3381-21	26369	2378	6371	17620	0.09	0.24	0.67
coarWASm-3382-21	26826	2902	7774	16150	0.11	0.29	0.60
coarWASm-3383-21	24054	2791	6666	14597	0.12	0.28	0.61
coarWASm-3384-21	17856	2034	5024	10798	0.11	0.28	0.60
coarWASm-3385-21	19581	2488	5614	11479	0.13	0.29	0.59
coarWASm-3386-21	17389	1977	4694	10718	0.11	0.27	0.62
coarWASm-3387-21	17615	1995	4932	10688	0.11	0.28	0.61
coarWASm-3388-21	18336	1809	4244	12283	0.10	0.23	0.67
coarWASm-3389-21	17135	1910	4353	10872	0.11	0.25	0.63
coarWASm-3390-21	27837	2219	6029	19589	0.08	0.22	0.70
coarWASm-3391-21	34660	3207	9689	21764	0.09	0.28	0.63
coarWASm-3392-21	18718	1770	4500	12448	0.09	0.24	0.67
coarWASm-3393-21	25652	2733	6783	16136	0.11	0.26	0.63
coarWASm-3394-21	27260	2970	7469	16821	0.11	0.27	0.62
coarWASm-3395-21	16263	1731	4110	10422	0.11	0.25	0.64
coarWASm-3396-21	22127	2717	6517	12893	0.12	0.29	0.58
coarWASm-3397-21	18710	2333	5649	10728	0.12	0.30	0.57
coarWASm-3398-21	17591	2015	4683	10893	0.11	0.27	0.62
coarWASm-3399-21	20557	2242	5096	13219	0.11	0.25	0.64
coarWASm-3400-21	68642	7209	22287	39146	0.11	0.32	0.57
coarWASm-3401-21	16643	1753	4006	10884	0.11	0.24	0.65
coarWASm-3402-21	29640	3024	8146	18470	0.10	0.27	0.62
coarWASm-3403-21	36568	3289	10151	23128	0.09	0.28	0.63
coarWASm-3404-21	27524	2284	5743	19497	0.08	0.21	0.71
coarWASm-3405-21	24696	2988	7300	14408	0.12	0.30	0.58
coarWASm-3406-21	20912	2373	5865	12674	0.11	0.28	0.61
coarWASm-3407-21	24699	2615	6319	15765	0.11	0.26	0.64
coarWASm-3408-21	23295	2215	5947	15133	0.10	0.26	0.65
coarWASm-3409-21	19564	2265	5367	11932	0.12	0.27	0.61
coarWASm-3410-21	20744	2368	5658	12718	0.11	0.27	0.61
coarWASm-3411-21	27876	2707	7314	17855	0.10	0.26	0.64
coarWASm-3412-21	16995	1887	4319	10789	0.11	0.25	0.63
coarWASm-3413-21	16157	1731	3738	10688	0.11	0.23	0.66
coarWASm-3414-21	22990	1925	5487	15578	0.08	0.24	0.68
coarWASm-3415-21	39240	4010	12157	23073	0.10	0.31	0.59
coarWASm-3416-21	25961	2623	6502	16836	0.10	0.25	0.65
coarWASm-3417-21	23969	2337	5964	15668	0.10	0.25	0.65
coarWASm-3418-21	26548	2825	7036	16687	0.11	0.27	0.63
coarWASm-3419-21	24725	2600	6514	15611	0.11	0.26	0.63
coarWASm-3420-21	22844	2323	5843	14678	0.10	0.26	0.64
coarWASm-3421-21	27336	3083	8024	16229	0.11	0.29	0.59
coarWASm-3422-21	20879	2477	5927	12475	0.12	0.28	0.60
coarWASm-3423-21	23790	2398	6742	14650	0.10	0.28	0.62
coarWASm-3424-21	18352	1936	4476	11940	0.11	0.24	0.65
coarWASm-3501-22	20240	2089	6114	12037	0.10	0.30	0.59
coarWASm-3502-22	17423	1951	5616	9856	0.11	0.32	0.57
coarWASm-3503-22	31013	2679	9837	18497	0.09	0.32	0.60
coarWASm-3504-22	30474	2498	8927	19049	0.08	0.29	0.63
coarWASm-3505-22	23301	2483	7548	13270	0.11	0.32	0.57
coarWASm-3506-22	26401	2966	7729	15706	0.11	0.29	0.59
coarWASm-3507-22	22159	2817	7634	11708	0.13	0.34	0.53
coarWASm-3508-22	20724	2474	6837	11413	0.12	0.33	0.55
coarWASm-3509-22	23368	2688	7563	13117	0.12	0.32	0.56
coarWASm-3510-22	18311	2233	6319	9759	0.12	0.35	0.53
coarWASm-3511-22	22563	2515	7176	12872	0.11	0.32	0.57
coarWASm-3512-22	22348	2731	7259	12358	0.12	0.32	0.55
coarWASm-3513-22	22409	2301	6709	13399	0.10	0.30	0.60
coarWASm-3514-22	21883	2356	6572	12955	0.11	0.30	0.59
coarWASm-3515-22	34346	2898	10630	20818	0.08	0.31	0.61
coarWASm-3516-22	191658	22845	110667	58146	0.12	0.58	0.30
coarWASm-3517-22	26403	2333	7561	16509	0.09	0.29	0.63
coarWASm-3518-22	68566	5849	23398	39319	0.09	0.34	0.57
coarWASm-3519-22	28555	2554	7350	18651	0.09	0.26	0.65
coarWASm-3520-22	22664	2385	6386	13893	0.11	0.28	0.61
coarWASm-3521-22	20582	1892	5499	13191	0.09	0.27	0.64
coarWASm-3522-22	62955	5935	21148	35872	0.09	0.34	0.57
coarWASm-3523-22	21640	1629	4771	15240	0.08	0.22	0.70
coarWASm-3524-22	61330	4997	18239	38094	0.08	0.30	0.62
coarWASm-3525-22	20662	1911	5143	13608	0.09	0.25	0.66
coarWASm-3526-22	55439	4707	16144	34588	0.08	0.29	0.62
coarWASm-3527-22	55933	4993	17644	33296	0.09	0.32	0.60
coarWASm-3528-22	113924	19229	57073	37622	0.17	0.50	0.33
coarWASm-3529-22	66936	7347	24071	35518	0.11	0.36	0.53
coarWASm-3530-22	53748	6385	19535	27828	0.12	0.36	0.52
coarWASm-3531-22	48546	5078	15805	27663	0.10	0.33	0.57
coarWASm-3532-22	48711	5442	15736	27533	0.11	0.32	0.57
coarWASm-3533-22	47224	6368	18119	22737	0.13	0.38	0.48
coarWASm-3551-22	50388	7949	20482	21957	0.16	0.41	0.44
coarWASm-3626-22	46558	5987	17841	22730	0.13	0.38	0.49
coarWASm-3627-22	42798	4767	14665	23366	0.11	0.34	0.55
coarWASm-3628-22	11	1	2	8	0.09	0.18	0.73
coarWASm-3629-22	60251	6042	20796	33413	0.10	0.35	0.55
coarWASm-3630-22	113957	15649	63715	34593	0.14	0.56	0.30
coarWASm-3631-22	52991	6331	18883	27777	0.12	0.36	0.52
coarWASm-3632-22	22000	3057	7731	11212	0.14	0.35	0.51
coarWASm-3633-22	29026	4033	10171	14822	0.14	0.35	0.51
coarWASm-3634-22	23487	3162	8201	12124	0.13	0.35	0.52
coarWASm-3635-22	20246	2062	5842	12342	0.10	0.29	0.61
coarWASm-3636-22	19909	2348	5556	12005	0.12	0.28	0.60
coarWASm-3637-22	23624	2652	7002	13970	0.11	0.30	0.59
coarWASm-3638-22	24625	3180	8768	12677	0.13	0.36	0.51
coarWASm-3639-22	23368	2787	6943	13638	0.12	0.30	0.58
coarWASm-3640-22	24277	2869	6265	15143	0.12	0.26	0.62
coarWASm-3701-22	19246	2334	5486	11426	0.12	0.29	0.59
coarWASm-3702-22	36780	3990	11982	20808	0.11	0.33	0.57
coarWASm-3703-22	35574	4528	14539	16507	0.13	0.41	0.46
coarWASm-3704-22	22348	3064	7923	11361	0.14	0.35	0.51
coarWASm-3705-22	20314	2936	7610	9768	0.14	0.37	0.48
coarWASm-3706-22	18869	2753	6803	9313	0.15	0.36	0.49
coarWASm-3707-22	19153	2416	6383	10354	0.13	0.33	0.54
coarWASm-3708-22	18799	2437	6047	10315	0.13	0.32	0.55
coarWASm-3709-22	24170	3673	8886	11611	0.15	0.37	0.48
coarWASm-3710-22	15702	2057	5151	8494	0.13	0.33	0.54
coarWASm-3711-22	15507	2084	5169	8254	0.13	0.33	0.53
coarWASm-3712-22	16159	1993	4674	9492	0.12	0.29	0.59
coarWASm-3713-22	16842	2200	5157	9485	0.13	0.31	0.56
coarWASm-3714-22	28173	3225	9076	15872	0.11	0.32	0.56
coarWASm-3715-22	32250	4143	12000	16107	0.13	0.37	0.50
coarWASm-3716-22	22569	3095	8164	11310	0.14	0.36	0.50
coarWASm-3717-22	21395	2933	7445	11017	0.14	0.35	0.51
coarWASm-3718-22	21448	3061	7769	10618	0.14	0.36	0.50
coarWASm-3719-22	16400	2064	5509	8827	0.13	0.34	0.54
coarWASm-3720-22	15130	2012	4899	8219	0.13	0.32	0.54
coarWASm-3722-22	19479	2801	7126	9552	0.14	0.37	0.49
coarWASm-3723-22	19014	2355	5997	10662	0.12	0.32	0.56
coarWASm-3724-22	16118	2076	4990	9052	0.13	0.31	0.56
coarWASm-3725-22	18132	2152	5318	10662	0.12	0.29	0.59
coarWASm-3817-22	16587	1941	3816	10830	0.12	0.23	0.65
coarWASm-3818-22	27454	3297	8134	16023	0.12	0.30	0.58
coarWASm-3819-22	29902	3692	9992	16218	0.12	0.33	0.54
coarWASm-3820-22	18337	2624	6032	9681	0.14	0.33	0.53
coarWASm-3821-22	22013	2965	6767	12281	0.13	0.31	0.56
coarWASm-3822-22	20767	2742	6351	11674	0.13	0.31	0.56
coarWASm-3823-22	19605	2607	5704	11294	0.13	0.29	0.58
coarWASm-3824-22	18945	2552	6025	10368	0.13	0.32	0.55
coarWASm-3825-22	20423	3200	7053	10170	0.16	0.35	0.50
coarWASm-3826-22	7394	852	2246	4296	0.12	0.30	0.58
coarWASm-3827-22	18465	2138	5069	11258	0.12	0.27	0.61
coarWASm-3828-22	19147	2165	5597	11385	0.11	0.29	0.59
coarWASm-3829-22	17418	2110	4583	10725	0.12	0.26	0.62
coarWASm-3830-22	27313	2882	8327	16104	0.11	0.30	0.59
coarWASm-3831-22	27014	3405	9352	14257	0.13	0.35	0.53
coarWASm-3832-22	19390	2478	6234	10678	0.13	0.32	0.55
coarWASm-3833-22	19978	2402	6162	11414	0.12	0.31	0.57
coarWASm-3834-22	20950	2457	5851	12642	0.12	0.28	0.60
coarWASm-3835-22	19352	2357	6116	10879	0.12	0.32	0.56
coarWASm-3836-22	20429	2941	7738	9750	0.14	0.38	0.48
coarWASm-3838-22	17371	2510	6104	8757	0.14	0.35	0.50
coarWASm-3839-22	18534	2225	5755	10554	0.12	0.31	0.57
coarWASm-3840-22	15736	1529	3113	11094	0.10	0.20	0.71
coarWASm-3841-22	18177	2403	5310	10464	0.13	0.29	0.58
coarWASm-3842-22	17287	2191	5353	9743	0.13	0.31	0.56
coarWASm-3843-22	32024	3487	10614	17923	0.11	0.33	0.56
coarWASm-3844-22	29124	3806	10699	14619	0.13	0.37	0.50
coarWASm-3845-22	18989	2439	6148	10402	0.13	0.32	0.55
coarWASm-3846-22	19422	2653	6744	10025	0.14	0.35	0.52
coarWASm-3847-22	18946	2654	6684	9608	0.14	0.35	0.51
coarWASm-3848-22	18444	2365	5951	10128	0.13	0.32	0.55
coarWASm-3849-22	20218	2334	6136	11748	0.12	0.30	0.58
coarWASm-3951-22	21271	2801	6916	11554	0.13	0.33	0.54
coarWASm-3952-22	18017	2194	5463	10360	0.12	0.30	0.58
coarWASm-3953-22	27043	2917	7626	16500	0.11	0.28	0.61
coarWASm-3954-22	60696	4537	15160	40999	0.07	0.25	0.68
coarWASm-3955-22	22807	2670	6515	13622	0.12	0.29	0.60
coarWASm-3956-22	25033	3149	7401	14483	0.13	0.30	0.58
coarWASm-3957-22	22596	2906	6726	12964	0.13	0.30	0.57
coarWASm-3958-22	23083	3216	7364	12503	0.14	0.32	0.54
coarWASm-3959-22	22979	2914	7705	12360	0.13	0.34	0.54
coarWEMm-001-21	18683	1887	4425	12371	0.10	0.24	0.66
coarWEMm-002-21	20476	1920	4334	14222	0.09	0.21	0.69
coarWEMm-003-21	24369	2694	6147	15528	0.11	0.25	0.64
coarWEMm-004-21	14060	1396	3304	9360	0.10	0.23	0.67
coarWEMm-005-21	18470	1855	4197	12418	0.10	0.23	0.67
coarWEMm-006-21	16284	1547	3831	10906	0.10	0.24	0.67
coarWEMm-007-21	19007	1948	4561	12498	0.10	0.24	0.66
coarWEMm-008-21	20269	1785	4302	14182	0.09	0.21	0.70
coarWEMm-009-21	19753	2192	4864	12697	0.11	0.25	0.64
coarWEMm-010-21	23217	1701	4032	17484	0.07	0.17	0.75
coarWEMm-011-21	37317	3275	9502	24540	0.09	0.25	0.66
coarWEMm-012-21	42753	3567	11041	28145	0.08	0.26	0.66
coarWEMm-013-21	19808	1972	4461	13375	0.10	0.23	0.68
coarWEMm-014-21	21111	2351	5316	13444	0.11	0.25	0.64
coarWEMm-015-21	19744	1776	4060	13908	0.09	0.21	0.70
coarWEMm-016-21	20420	2147	4866	13407	0.11	0.24	0.66
coarWEMm-017-21	15427	1526	3726	10175	0.10	0.24	0.66
coarWEMm-018-21	17592	1797	4166	11629	0.10	0.24	0.66
coarWEMm-019-21	18372	2029	4888	11455	0.11	0.27	0.62
coarWEMm-020-21	19826	2089	4837	12900	0.11	0.24	0.65
coarWEMm-021-21	20462	2043	4904	13515	0.10	0.24	0.66
coarWEMm-022-21	23440	1806	4468	17166	0.08	0.19	0.73
coarWEMm-023-21	33554	2698	9931	20925	0.08	0.30	0.62
coarWEMm-024-21	46479	4016	12822	29641	0.09	0.28	0.64
coarWEMm-025-21	21478	2163	5299	14016	0.10	0.25	0.65
coarWEMm-026-21	21807	1927	4664	15216	0.09	0.21	0.70
coarWEMm-027-21	24558	1852	4621	18085	0.08	0.19	0.74
coarWEMm-028-21	19436	1774	4350	13312	0.09	0.22	0.68
coarWEMm-029-21	19461	1793	4360	13308	0.09	0.22	0.68
coarWEMm-030-21	19763	1906	4349	13508	0.10	0.22	0.68
coarWEMm-031-21	18951	2182	4913	11856	0.12	0.26	0.63
coarWEMm-032-21	19589	1818	4228	13543	0.09	0.22	0.69
coarWEMm-033-21	20814	1882	4633	14299	0.09	0.22	0.69
coarWEMm-034-21	18805	1625	3774	13406	0.09	0.20	0.71
coarWEMm-035-21	43585	2775	8733	32077	0.06	0.20	0.74
coarWEMm-036-21	57912	4172	15405	38335	0.07	0.27	0.66
coarWEMm-037-21	22815	2048	5092	15675	0.09	0.22	0.69
coarWEMm-038-21	21098	2118	5116	13864	0.10	0.24	0.66
coarWEMm-039-21	23415	2438	5956	15021	0.10	0.25	0.64
coarWEMm-040-21	19000	1943	4549	12508	0.10	0.24	0.66
coarWEMm-041-21	19526	2054	4868	12604	0.11	0.25	0.65
coarWEMm-042-21	17553	1973	5011	10569	0.11	0.29	0.60
coarWEMm-043-21	20930	1960	4660	14310	0.09	0.22	0.68
coarWEMm-044-21	17546	1512	3692	12342	0.09	0.21	0.70
coarWEMm-045-21	17009	1845	4733	10431	0.11	0.28	0.61
coarWEMm-046-21	22032	2100	4911	15021	0.10	0.22	0.68
coarWEMm-047-21	45648	3211	10863	31574	0.07	0.24	0.69
coarWEMm-048-21	109497	8148	36208	65141	0.07	0.33	0.59
coarWEMm-049-21	17682	1758	4290	11634	0.10	0.24	0.66
coarWEMm-050-21	64639	4964	16958	42717	0.08	0.26	0.66
coarWEMm-051-21	24336	2413	5984	15939	0.10	0.25	0.65
coarWEMm-052-21	22836	2005	5116	15715	0.09	0.22	0.69
coarWEMm-053-21	22524	2132	5152	15240	0.09	0.23	0.68
coarWEMm-054-21	71149	5166	17839	48144	0.07	0.25	0.68
coarWEMm-055-21	21261	1814	4458	14989	0.09	0.21	0.70
coarWEMm-056-21	21701	1906	4838	14957	0.09	0.22	0.69
coarWEMm-057-21	2704	453	761	1490	0.17	0.28	0.55
coarWEMm-058-21	23568	1769	4277	17522	0.08	0.18	0.74
coarWEMm-059-21	79099	3223	11998	63878	0.04	0.15	0.81
coarWEMm-060-21	93460	9401	37734	46325	0.10	0.40	0.50
coarWEMm-061-21	58490	6118	22108	30264	0.10	0.38	0.52
coarWEMm-062-21	29622	2859	10935	15828	0.10	0.37	0.53
coarWEMm-063-21	75583	6486	25623	43474	0.09	0.34	0.58
coarWEMm-064-21	59685	4714	19440	35531	0.08	0.33	0.60
coarWEMm-065-21	57213	6088	21928	29197	0.11	0.38	0.51
coarWEMm-066-21	77307	7034	28182	42091	0.09	0.36	0.54
coarWEMm-067-21	62209	6378	23860	31971	0.10	0.38	0.51
coarWEMm-068-21	60928	5550	22480	32898	0.09	0.37	0.54
coarWEMm-069-21	68941	6188	24893	37860	0.09	0.36	0.55
coarWEMm-070-21	103629	13997	53493	36139	0.14	0.52	0.35
coarWEMm-071-21	45732	3973	14200	27559	0.09	0.31	0.60
coarWEMm-072-21	25677	3211	8604	13862	0.13	0.34	0.54
coarWEMm-073-21	25559	3154	8648	13757	0.12	0.34	0.54
coarWEMm-074-21	21844	2502	6637	12705	0.11	0.30	0.58
coarWEMm-075-21	25885	2752	7344	15789	0.11	0.28	0.61
coarWEMm-076-21	11506	2316	5415	3775	0.20	0.47	0.33
coarWEMm-077-21	23122	3094	8231	11797	0.13	0.36	0.51
coarWEMm-078-21	21151	2490	6851	11810	0.12	0.32	0.56
coarWEMm-079-21	24948	3134	8334	13480	0.13	0.33	0.54
coarWEMm-080-NA	16297	2399	6194	7704	0.15	0.38	0.47
coarWEMm-081-NA	24613	3007	7873	13733	0.12	0.32	0.56
coarWEMm-082-NA	60030	4248	16125	39657	0.07	0.27	0.66
coarWEMm-083-NA	24037	2573	7161	14303	0.11	0.30	0.60
coarWEMm-084-NA	24950	3001	8240	13709	0.12	0.33	0.55
coarWEMm-085-NA	13607	1799	4911	6897	0.13	0.36	0.51
coarWEMm-086-NA	21780	2476	6280	13024	0.11	0.29	0.60
coarWEMm-087-NA	24382	2855	8003	13524	0.12	0.33	0.55
coarWEMm-088-NA	20616	2513	6921	11182	0.12	0.34	0.54
coarWEMm-089-NA	22459	3050	7784	11625	0.14	0.35	0.52
coarWEMm-090-NA	25225	3288	8425	13512	0.13	0.33	0.54
coarWEMm-091-NA	21123	2603	6880	11640	0.12	0.33	0.55
coarWEMm-092-NA	21983	2149	6255	13579	0.10	0.28	0.62
coarWEMm-093-NA	24988	2783	7690	14515	0.11	0.31	0.58
coarWEMm-094-NA	40596	3686	11612	25298	0.09	0.29	0.62
coarWEMm-095-NA	28371	2767	8719	16885	0.10	0.31	0.60
coarWEMm-096-NA	20124	2473	6688	10963	0.12	0.33	0.54
coarWEMm-097-NA	23004	2604	7086	13314	0.11	0.31	0.58
coarWEMm-098-NA	3987	802	1641	1544	0.20	0.41	0.39
coarWEMm-099-NA	22562	2095	5842	14625	0.09	0.26	0.65
coarWEMm-1076-22	23511	3214	7128	13169	0.14	0.30	0.56
coarWEMm-1078-22	28977	2466	6130	20381	0.09	0.21	0.70
coarWEMm-1079-22	48696	5267	14669	28760	0.11	0.30	0.59
coarWEMm-1080-22	21865	2512	5642	13711	0.11	0.26	0.63
coarWEMm-1081-22	24251	2757	6199	15295	0.11	0.26	0.63
coarWEMm-1082-22	56570	5876	18592	32102	0.10	0.33	0.57
coarWEMm-1083-22	35904	7170	18322	10412	0.20	0.51	0.29
coarWEMm-1084-22	35380	6759	17068	11553	0.19	0.48	0.33
coarWEMm-1085-22	42387	7161	18930	16296	0.17	0.45	0.38
coarWEMm-1086-22	36704	4692	13573	18439	0.13	0.37	0.50
coarWEMm-1087-22	35429	6631	16416	12382	0.19	0.46	0.35
coarWEMm-1088-22	40259	7658	20163	12438	0.19	0.50	0.31
coarWEMm-1089-22	36115	6983	17628	11504	0.19	0.49	0.32
coarWEMm-1090-22	41676	8336	22372	10968	0.20	0.54	0.26
coarWEMm-1091-22	42531	8803	22917	10811	0.21	0.54	0.25
coarWEMm-1092-22	125385	24330	71882	29173	0.19	0.57	0.23
coarWEMm-1093-22	51087	8449	22210	20428	0.17	0.43	0.40
coarWEMm-1094-22	45033	8905	22669	13459	0.20	0.50	0.30
coarWEMm-1095-22	30497	6044	15831	8622	0.20	0.52	0.28
coarWEMm-1096-22	36905	7337	17696	11872	0.20	0.48	0.32
coarWEMm-1097-22	35360	5646	15269	14445	0.16	0.43	0.41
coarWEMm-1098-22	36683	4531	12610	19542	0.12	0.34	0.53
coarWEMm-1099-22	29537	5558	14122	9857	0.19	0.48	0.33
coarWEMm-1100-22	39541	7619	18660	13262	0.19	0.47	0.34
coarWEMm-1276-22	40235	7477	18495	14263	0.19	0.46	0.35
coarWEMm-1277-22	34927	6920	18567	9440	0.20	0.53	0.27
coarWEMm-1278-22	39449	7687	20090	11672	0.19	0.51	0.30
coarWEMm-1279-22	42705	8539	22371	11795	0.20	0.52	0.28
coarWEMm-1280-22	50255	9306	23128	17821	0.19	0.46	0.35
coarWEMm-1281-22	38606	7741	19891	10974	0.20	0.52	0.28
coarWEMm-1282-22	37720	7239	18543	11938	0.19	0.49	0.32
coarWEMm-1283-22	35401	7216	18232	9953	0.20	0.52	0.28
coarWEMm-1284-22	43423	7279	19522	16622	0.17	0.45	0.38
coarWEMm-1285-22	40282	4834	15059	20389	0.12	0.37	0.51
coarWEMm-1286-22	30847	4944	12537	13366	0.16	0.41	0.43
coarWEMm-1287-22	34784	6929	17240	10615	0.20	0.50	0.31
coarWEMm-1288-22	36825	6588	16958	13279	0.18	0.46	0.36
coarWEMm-1289-22	39746	7219	18373	14154	0.18	0.46	0.36
coarWEMm-1290-22	42058	7553	19652	14853	0.18	0.47	0.35
coarWEMm-1291-22	42312	8022	21154	13136	0.19	0.50	0.31
coarWEMm-1292-22	46966	8875	22196	15895	0.19	0.47	0.34
coarWEMm-1293-22	44934	8429	21027	15478	0.19	0.47	0.34
coarWEMm-1294-22	37880	7273	18514	12093	0.19	0.49	0.32
coarWEMm-1295-22	37902	7327	18124	12451	0.19	0.48	0.33
coarWEMm-1296-22	43271	7054	18099	18118	0.16	0.42	0.42
coarWEMm-1297-22	48985	5726	18105	25154	0.12	0.37	0.51
coarWEMm-1298-22	50854	5605	14505	30744	0.11	0.29	0.60
coarWEMm-1299-22	32806	5550	13222	14034	0.17	0.40	0.43
coarWEMm-1300-22	29213	5014	13338	10861	0.17	0.46	0.37
coarWEMm-1326-22	35418	5913	15173	14332	0.17	0.43	0.40
coarWEMm-1327-22	30835	5127	13066	12642	0.17	0.42	0.41
coarWEMm-1328-22	32821	5842	14269	12710	0.18	0.43	0.39
coarWEMm-1329-22	36095	6403	15960	13732	0.18	0.44	0.38
coarWEMm-1330-22	36643	7085	17668	11890	0.19	0.48	0.32
coarWEMm-1331-22	39137	6759	17393	14985	0.17	0.44	0.38
coclCHIm-2613-21	104568	34231	66022	4315	0.33	0.63	0.04
coclCHIm-2618-21	42359	6027	19672	16660	0.14	0.46	0.39
coclCHIm-2623-21	5274	1735	3301	238	0.33	0.63	0.05
coclEASm-101-21	19188	2469	6274	10445	0.13	0.33	0.54
coclEASm-102-21	21375	2669	7092	11614	0.12	0.33	0.54
coclEASm-118-21	22290	2865	7170	12255	0.13	0.32	0.55
coclEASm-124-21	21232	2448	7151	11633	0.12	0.34	0.55
coclEASm-127-21	18948	2392	6236	10320	0.13	0.33	0.54
coclEASm-173-21	21247	2712	7466	11069	0.13	0.35	0.52
coclEASm-174-21	34627	3453	11059	20115	0.10	0.32	0.58
coclEASm-281-21	45015	4367	15512	25136	0.10	0.34	0.56
coclEASm-313-21	24288	3527	10512	10249	0.15	0.43	0.42
coclEASm-352-21	13513	3215	9974	324	0.24	0.74	0.02
coclEASm-353-21	11473	2748	8356	369	0.24	0.73	0.03
coclEASm-390-21	22475	2758	6632	13085	0.12	0.30	0.58
coclEASm-393-21	22942	3127	6482	13333	0.14	0.28	0.58
coclEASm-394-21	27674	3550	7877	16247	0.13	0.28	0.59
coclEASm-411-21	40415	5561	18363	16491	0.14	0.45	0.41
coclEASm-412-21	54585	7378	25654	21553	0.14	0.47	0.39
coclEASm-416-21	34543	5126	16401	13016	0.15	0.47	0.38
coclEASm-424-21	34564	4803	15704	14057	0.14	0.45	0.41
coclEASm-427-21	23428	3078	6837	13513	0.13	0.29	0.58
coclEASm-4309-22b	23899	3034	8936	11929	0.13	0.37	0.50
coclEASm-4309-22	154030	19306	76099	58625	0.13	0.49	0.38
coclEASm-431-21	26260	2540	5554	18166	0.10	0.21	0.69
coclEASm-4360-22	24935	2418	7517	15000	0.10	0.30	0.60
coclEASm-436-21	19546	2228	4717	12601	0.11	0.24	0.64
coclEASm-4363-22	94541	13188	41577	39776	0.14	0.44	0.42
coclEASm-4369-22	31613	4653	13686	13274	0.15	0.43	0.42
coclEASm-4373-22	25941	3847	11307	10787	0.15	0.44	0.42
coclEASm-4377-22	4709	776	2414	1519	0.16	0.51	0.32
coclEASm-439-21	16953	2407	4840	9706	0.14	0.29	0.57
coclEASm-441-21	21608	2884	5671	13053	0.13	0.26	0.60
coclEASm-446-21	20945	2689	5973	12283	0.13	0.29	0.59
coclEASm-447-21	19052	2448	5784	10820	0.13	0.30	0.57
coclEASm-452-21	23379	3256	6829	13294	0.14	0.29	0.57
coclEASm-553-21	21062	4430	16104	528	0.21	0.76	0.03
coclEASm-566-21	132161	22124	71045	38992	0.17	0.54	0.30
coclEASm-566-21	1616	585	1028	3	0.36	0.64	0.00
coclEASm-570-21	15831	2395	5575	7861	0.15	0.35	0.50
coclEASm-800-22	26415	2547	7431	16437	0.10	0.28	0.62
coclEASm-846-22	24235	3160	9645	11430	0.13	0.40	0.47
coclEASm-866-22	21631	2833	7976	10822	0.13	0.37	0.50
coclEASs-634-22	12364	1203	3218	7943	0.10	0.26	0.64
coclEASs-640-22	11858	1229	3261	7368	0.10	0.28	0.62
coclEASs-726-22	9353	1216	3209	4928	0.13	0.34	0.53
coclEASs-730-22	8669	1141	3024	4504	0.13	0.35	0.52
coclEASs-735-22	9518	1078	2861	5579	0.11	0.30	0.59
coclEASs-738-22	13134	1474	3755	7905	0.11	0.29	0.60
coclEASs-778-22	11511	1366	3430	6715	0.12	0.30	0.58
coclLAGs-021-20	13226	1471	3959	7796	0.11	0.30	0.59
coclLAGs-022-20	6292	1276	3348	1668	0.20	0.53	0.27
coclLAGs-023-20	11632	1194	3238	7200	0.10	0.28	0.62
coclLAGs-024-20	14597	1283	3444	9870	0.09	0.24	0.68
coclLAGs-025-20	10321	1264	3084	5973	0.12	0.30	0.58
coclLAGs-026-20	13296	1304	3366	8626	0.10	0.25	0.65
coclLAGs-027-20	13150	1540	4181	7429	0.12	0.32	0.56
coclLAGs-028-20	15256	1303	3397	10556	0.09	0.22	0.69
coclLAGs-029-20	15997	1559	4738	9700	0.10	0.30	0.61
coclLAGs-030-20	35527	3899	12824	18804	0.11	0.36	0.53
coclLAGs-2842-22	11173	1229	3194	6750	0.11	0.29	0.60
coclROGs-2001-21	8846	517	928	7401	0.06	0.10	0.84
coclROGs-2004-21	9275	1183	2796	5296	0.13	0.30	0.57
coclROGs-2007-21	3725	294	727	2704	0.08	0.20	0.73
coclROGs-2008-21	5690	902	1998	2790	0.16	0.35	0.49
coclROGs-2012-21	2359	276	596	1487	0.12	0.25	0.63
coclROGs-2013-21	1794	337	818	639	0.19	0.46	0.36
coclROGs-2016-21	7584	523	1334	5727	0.07	0.18	0.76
coclROGs-2017-21	2584	264	617	1703	0.10	0.24	0.66
coclROGs-2019-21	3269	352	741	2176	0.11	0.23	0.67
coclROGs-2020-21	5957	392	1110	4455	0.07	0.19	0.75
coclROGs-2021-21	2240	276	600	1364	0.12	0.27	0.61
coclROGs-2022-21	4473	348	903	3222	0.08	0.20	0.72
coclROGs-2023-21	750	246	477	27	0.33	0.64	0.04
coclWASm-2912-21	22110	3206	9265	9639	0.15	0.42	0.44
coclWASm-3728-22	17201	2521	6008	8672	0.15	0.35	0.50
coclWASm-3729-22	20285	2509	7004	10772	0.12	0.35	0.53
coclWASm-3732-22	17935	2114	4942	10879	0.12	0.28	0.61
coclWASm-3733-22	13441	1882	4427	7132	0.14	0.33	0.53
coclWEMm-1018-22	6628	660	1517	4451	0.10	0.23	0.67
coclWEMm-1071-22	4946	424	1026	3496	0.09	0.21	0.71
coclWEMm-1072-22	5227	441	1023	3763	0.08	0.20	0.72
coclWEMm-1074-22	5878	487	1067	4324	0.08	0.18	0.74
coclWEMm-1117-22	5626	557	1149	3920	0.10	0.20	0.70
coclWEMm-1161-22	25895	3830	10672	11393	0.15	0.41	0.44
coclWEMm-1164-22	31493	4310	12957	14226	0.14	0.41	0.45
coclWEMm-1168-22	49549	4728	17488	27333	0.10	0.35	0.55
coclWHAm-4762-22	111577	13427	44668	53482	0.12	0.40	0.48
coclWHAm-4770-22	94814	12103	38191	44520	0.13	0.40	0.47
coclWHAm-9055-22	66417	8335	25938	32144	0.13	0.39	0.48
coclWHAm-9056-22	65884	8699	25917	31268	0.13	0.39	0.47
coclWHAm-9063-22	52643	7570	21902	23171	0.14	0.42	0.44
coclWHAm-9067-22	66889	9718	28821	28350	0.15	0.43	0.42
coclWHAm-9068-22	65423	8774	26883	29766	0.13	0.41	0.45
coclWHAm-9069-22	82794	10218	30939	41637	0.12	0.37	0.50
coclWHAm-9071-22	76764	9532	28687	38545	0.12	0.37	0.50
coclWHAm-9073-22	64467	8501	25409	30557	0.13	0.39	0.47
coclWHAm-9074-22	70738	9582	28674	32482	0.14	0.41	0.46
coclWHAm-9077-22	99802	11567	40853	47382	0.12	0.41	0.47
coclWHAm-9079-22	43905	5095	14713	24097	0.12	0.34	0.55
coclWHAm-9088-22	35159	6082	14866	14211	0.17	0.42	0.40
coclWHAm-9166-22	41112	7080	17511	16521	0.17	0.43	0.40
coclWHAm-9167-22	39531	6019	14829	18683	0.15	0.38	0.47
coclWHAm-9168-22	39291	6905	17222	15164	0.18	0.44	0.39
coclWHAm-9171-22	41613	6865	17350	17398	0.16	0.42	0.42
coclWHAm-9174-22	38001	6840	17242	13919	0.18	0.45	0.37
coclWHAm-9177-22	37900	6462	15882	15556	0.17	0.42	0.41
coclWHAm-9180-22	38728	6621	16448	15659	0.17	0.42	0.40
coclWHAm-9182-22	36744	6262	15321	15161	0.17	0.42	0.41
coclWHAm-9231-22	39032	6695	16071	16266	0.17	0.41	0.42
coclWHAm-9233-22	47831	6892	18834	22105	0.14	0.39	0.46
coclWHAm-9234-22	39205	4851	13523	20831	0.12	0.34	0.53
coclWHAm-9235-22	39039	6195	15523	17321	0.16	0.40	0.44
coclWHAm-9236-22	41874	7249	19040	15585	0.17	0.45	0.37
coclWHAm-9238-22	39387	6738	17211	15438	0.17	0.44	0.39
coclWHAm-9242-22	43786	8351	23110	12325	0.19	0.53	0.28
coclWHAm-9246-22	48064	8346	22185	17533	0.17	0.46	0.36
coclWHAm-9317-22	44206	7905	20524	15777	0.18	0.46	0.36
coclWHAm-9319-22	44062	7592	19149	17321	0.17	0.43	0.39
coclWHAm-9326-22	42193	7279	18811	16103	0.17	0.45	0.38
coclWHAm-9327-22	32998	5477	14117	13404	0.17	0.43	0.41
coclWHAm-9328-22	36428	6471	16011	13946	0.18	0.44	0.38
coclWHAm-9330-22	42269	6927	18965	16377	0.16	0.45	0.39
coclWHAm-9334-22	40345	5252	14756	20337	0.13	0.37	0.50
coclWHAm-9336-22	43121	7167	18148	17806	0.17	0.42	0.41
coclWHAm-9337-22	22034	3964	10229	7841	0.18	0.46	0.36
coclWHAm-9338-22	42666	7967	20577	14122	0.19	0.48	0.33
coclWHAm-9340-22	47906	9016	24030	14860	0.19	0.50	0.31
coclWHAm-9395-22	39925	7383	19295	13247	0.18	0.48	0.33
coclWHAm-9401-22	42942	7546	20469	14927	0.18	0.48	0.35
coclWHAm-9410-22	36860	7671	19685	9504	0.21	0.53	0.26
coclWHAm-9415-22	45150	8495	21776	14879	0.19	0.48	0.33
